milig,raw
1008.9,9.89
1007.4,9.89
1007,9.89
1007.7,9.89
1008.4,9.9
1009.3,9.9
1009.5,9.89
1009.7,9.89
1010.2,9.88
1011.8,9.87
1010.1,9.87
1008.8,9.88
1009.9,9.88
1009.5,9.89
1010.5,9.9
1011,9.9
1012.7,9.9
1012.8,9.9
1012.5,9.89
1012.4,9.89
1011.5,9.89
1011.2,9.9
1009.9,9.91
1009.5,9.92
1009,9.93
1010.1,9.94
1011.3,9.94
1011.3,9.93
1011.6,9.92
1010.8,9.92
1009.8,9.91
1007.7,9.91
1007.1,9.92
1007.6,9.93
1006.9,9.93
1007,9.93
1008.1,9.92
1009.6,9.91
1009.8,9.9
1009.1,9.89
1008.9,9.88
1007.6,9.88
1006.8,9.89
1006.4,9.9
1006.4,9.91
1007.7,9.91
1009.7,9.91
1010.8,9.9
1010.9,9.89
1010.8,9.89
1010.9,9.89
1009.8,9.9
1009.4,9.91
1007.5,9.92
1008.3,9.92
1009,9.92
1009.6,9.92
1010,9.91
1010.1,9.9
1010.2,9.89
1009.5,9.89
1008.5,9.9
1008,9.91
1007.3,9.92
1007.8,9.93
1008.2,9.93
1009.1,9.92
1009.3,9.92
1011,9.91
1010.5,9.9
1010.5,9.9
1009.6,9.9
1009.1,9.91
1008.7,9.92
1007.9,9.93
1007.4,9.92
1008.5,9.92
1009.9,9.91
1010.5,9.9
1010.4,9.88
1009.5,9.88
1007.9,9.89
1007.5,9.89
1007.6,9.9
1008.1,9.91
1008.4,9.91
1009.9,9.9
1011,9.89
1012.8,9.88
1013.1,9.88
1013.7,9.88
1013.3,9.89
1011.6,9.9
1010.4,9.9
1010.5,9.91
1012.4,9.92
1014,9.91
1015.1,9.9
1015.5,9.89
1014.5,9.88
1013.4,9.88
1012.1,9.89
1010.4,9.9
1009,9.91
1010.5,9.91
1011.1,9.91
1010.6,9.91
1011.4,9.9
1013,9.89
1012.3,9.89
1011.1,9.88
1009.6,9.89
1007.8,9.9
1007.1,9.91
1008,9.91
1008.8,9.92
1010.9,9.91
1012.8,9.9
1013.6,9.89
1012.9,9.89
1011.2,9.89
1010.8,9.89
1009.8,9.9
1008.8,9.91
1009.1,9.92
1009.2,9.92
1010.3,9.91
1011.6,9.91
1011.5,9.9
1011.3,9.89
1011.8,9.89
1009.4,9.89
1007.4,9.9
1007,9.91
1006.3,9.91
1008.4,9.91
1009.8,9.9
1010.4,9.9
1011.1,9.89
1011.6,9.87
1010.8,9.87
1010.1,9.88
1008.9,9.89
1008.2,9.89
1008.2,9.9
1008.3,9.9
1010,9.89
1011.4,9.89
1012,9.88
1012.7,9.88
1011.4,9.88
1010.7,9.89
1010.2,9.89
1009.4,9.9
1008.9,9.91
1009.3,9.91
1010.7,9.91
1011.6,9.9
1012.8,9.89
1013.2,9.89
1012.1,9.89
1010.4,9.9
1009.4,9.9
1008.5,9.91
1008.2,9.92
1009.3,9.92
1009.6,9.92
1011.1,9.91
1011.4,9.9
1011.8,9.89
1011.9,9.89
1010.3,9.89
1009.8,9.9
1008.7,9.9
1008.2,9.9
1009.2,9.9
1010.8,9.9
1011.8,9.9
1013.1,9.89
1013.4,9.88
1012.3,9.88
1011.8,9.89
1010.2,9.9
1010.2,9.91
1010.2,9.92
1010.9,9.92
1012.4,9.92
1013.1,9.91
1014.1,9.9
1014.5,9.9
1013.4,9.9
1011.7,9.9
1010.9,9.91
1008.8,9.92
1008.5,9.92
1009.7,9.92
1009.7,9.91
1010.2,9.91
1011.6,9.9
1010.8,9.89
1009.8,9.88
1008.7,9.89
1008.3,9.9
1007.6,9.91
1007.4,9.92
1009.1,9.92
1010.5,9.92
1011.3,9.91
1012,9.9
1012,9.89
1011,9.89
1010.9,9.89
1010.8,9.9
1009.7,9.91
1009.4,9.91
1010,9.92
1011.2,9.91
1011.3,9.89
1011.3,9.89
1011.2,9.88
1009.6,9.88
1008.3,9.89
1007.5,9.9
1007.5,9.91
1007.1,9.91
1007.3,9.92
1008.4,9.91
1008.9,9.91
1009.2,9.9
1009.9,9.89
1009.5,9.89
1007.6,9.89
1007.1,9.9
1005.6,9.91
1005.4,9.91
1006.8,9.92
1008.5,9.91
1009.7,9.9
1010.2,9.89
1010.8,9.89
1010.1,9.88
1008.9,9.89
1008.9,9.9
1007.5,9.9
1006.9,9.91
1007.9,9.92
1009.7,9.92
1010.8,9.91
1013,9.9
1014,9.9
1013.6,9.89
1012.8,9.89
1010.7,9.9
1010.7,9.91
1010.9,9.92
1012.8,9.92
1014.5,9.91
1014.4,9.9
1015.3,9.9
1015.2,9.89
1014.3,9.89
1012.7,9.89
1011.5,9.9
1011,9.91
1011.1,9.92
1011.2,9.93
1011.4,9.92
1013,9.91
1012.8,9.91
1012.7,9.9
1010.5,9.9
1009.7,9.9
1008.8,9.91
1008,9.92
1008.3,9.93
1009,9.93
1011.1,9.92
1011.6,9.91
1011.5,9.9
1011.4,9.89
1010.2,9.89
1009.2,9.9
1008.5,9.91
1008.5,9.92
1008.1,9.93
1009.8,9.93
1009.8,9.93
1010.3,9.92
1012.3,9.91
1012.4,9.9
1011.3,9.9
1010.1,9.91
1009.8,9.92
1009,9.92
1008.1,9.93
1009.8,9.93
1011.4,9.92
1012.1,9.91
1011.7,9.9
1011.6,9.89
1010.5,9.89
1010.2,9.9
1010,9.91
1008.2,9.92
1008.3,9.92
1008.6,9.92
1009.5,9.92
1010.3,9.92
1011.3,9.9
1011.1,9.89
1010.2,9.89
1009,9.9
1008.4,9.9
1008,9.91
1007.6,9.91
1007.9,9.91
1009,9.91
1009.7,9.9
1010.1,9.89
1010.1,9.88
1009.9,9.88
1009.4,9.88
1008.3,9.89
1007.9,9.9
1008.5,9.91
1009.2,9.92
1010,9.91
1010.7,9.91
1011.8,9.9
1012.1,9.89
1012.4,9.89
1010.8,9.9
1010.5,9.9
1010.5,9.91
1010.2,9.92
1010.9,9.92
1010.9,9.92
1011.5,9.91
1013,9.9
1013.4,9.89
1012,9.89
1011.5,9.89
1010.5,9.89
1009,9.9
1009.3,9.9
1010.8,9.9
1010.6,9.9
1011.2,9.9
1011.9,9.89
1012.1,9.88
1012,9.88
1011,9.89
1010.1,9.89
1008.7,9.9
1008.9,9.91
1010,9.91
1011,9.9
1012.3,9.9
1013.2,9.9
1013,9.89
1011.6,9.89
1011.6,9.9
1011.5,9.91
1011.2,9.92
1012.3,9.92
1012.6,9.92
1013.1,9.91
1014.2,9.9
1014.8,9.9
1014.5,9.89
1013.5,9.89
1012,9.89
1010.8,9.9
1010.4,9.9
1010.5,9.91
1010.9,9.91
1011.4,9.9
1011.1,9.89
1011.7,9.89
1010.8,9.88
1010.6,9.88
1011,9.89
1010.1,9.9
1009.4,9.9
1009,9.91
1010.2,9.92
1012,9.92
1011.9,9.91
1012.7,9.9
1013,9.9
1012.9,9.9
1012.7,9.9
1011,9.9
1009.2,9.91
1009.9,9.91
1010.5,9.91
1010.4,9.91
1011.6,9.91
1012.7,9.9
1012.7,9.89
1011.8,9.88
1009.9,9.89
1010.3,9.9
1010.6,9.91
1010.7,9.92
1010.7,9.92
1011.6,9.92
1013.7,9.91
1015.2,9.9
1013.9,9.9
1013,9.9
1012.3,9.9
1011,9.9
1009.2,9.91
1009.2,9.92
1010.2,9.92
1012.3,9.91
1012.9,9.9
1012.1,9.89
1011.6,9.88
1010.5,9.88
1009.7,9.88
1008.8,9.89
1008,9.9
1008.8,9.91
1009.1,9.91
1010.5,9.91
1011.6,9.91
1013,9.91
1013.2,9.91
1011.5,9.91
1010,9.91
1009.8,9.92
1010.2,9.92
1009.6,9.93
1010.8,9.93
1011.3,9.92
1012,9.91
1012,9.91
1011.3,9.9
1011,9.9
1009.2,9.9
1009,9.91
1008.3,9.91
1007.4,9.92
1008.8,9.92
1009.5,9.92
1009.8,9.91
1010,9.9
1011.3,9.9
1011.1,9.9
1009.7,9.9
1008.3,9.9
1008.1,9.91
1008.8,9.92
1009.2,9.92
1010.2,9.92
1010,9.91
1010.4,9.9
1011.5,9.89
1010,9.89
1009.4,9.89
1008.3,9.9
1007.3,9.91
1006.6,9.92
1007.7,9.93
1009.7,9.92
1011.1,9.91
1012,9.9
1012.1,9.89
1011,9.89
1010.6,9.89
1010.6,9.9
1010.3,9.91
1010.3,9.92
1012.3,9.92
1012.1,9.91
1013.4,9.91
1014.8,9.9
1014.8,9.89
1012.1,9.89
1011,9.9
1010,9.91
1008.7,9.92
1009.2,9.93
1010.9,9.93
1011.4,9.93
1011.4,9.92
1011.6,9.91
1011.3,9.9
1010.8,9.9
1010.7,9.9
1009.2,9.91
1007.5,9.91
1008.2,9.92
1009.9,9.92
1010.2,9.91
1011.4,9.9
1012.4,9.89
1011.2,9.89
1011.1,9.89
1011.1,9.89
1011.2,9.89
1011.3,9.9
1012,9.91
1012.2,9.91
1012.4,9.91
1013.6,9.9
1014.8,9.9
1014.2,9.89
1014,9.9
1012.8,9.91
1011.8,9.91
1011.1,9.92
1010.9,9.92
1010.8,9.92
1011.3,9.92
1011.4,9.91
1011.7,9.91
1010.2,9.9
1009.4,9.9
1009.7,9.91
1009.1,9.92
1009.3,9.93
1009.1,9.93
1010.2,9.93
1011.6,9.92
1012.7,9.91
1012.7,9.91
1012.9,9.9
1012.1,9.9
1011.6,9.9
1010.7,9.91
1010.2,9.91
1011.8,9.91
1012.5,9.91
1013.6,9.9
1015.3,9.89
1015,9.88
1014.2,9.88
1013,9.88
1011.9,9.88
1010.6,9.89
1010.9,9.9
1012,9.91
1011.4,9.92
1011.6,9.92
1012.9,9.91
1014.1,9.9
1013.2,9.9
1011.8,9.9
1009.8,9.9
1008.2,9.91
1007.5,9.91
1008.1,9.92
1008.9,9.92
1010.2,9.91
1011.1,9.91
1010.7,9.9
1010.5,9.89
1011.3,9.88
1010.5,9.89
1009.1,9.9
1007.9,9.91
1008.1,9.92
1010,9.92
1011.1,9.92
1011.9,9.92
1013.4,9.91
1014.1,9.91
1013,9.9
1012.3,9.91
1012,9.91
1012,9.91
1012.4,9.92
1012.4,9.92
1013,9.92
1014.6,9.91
1015.3,9.9
1014.6,9.89
1012.9,9.89
1011.8,9.9
1011.1,9.91
1010,9.92
1009.4,9.93
1010.9,9.94
1011.6,9.94
1012.7,9.93
1013.4,9.92
1013,9.91
1013,9.91
1012.5,9.91
1010.3,9.92
1009,9.93
1009.2,9.93
1010.3,9.93
1011.8,9.93
1012,9.92
1012.3,9.91
1013.3,9.89
1011.7,9.89
1011.4,9.89
1009.3,9.9
1008.5,9.91
1008.6,9.92
1008.8,9.92
1009.6,9.92
1010.6,9.91
1011.9,9.91
1012.4,9.9
1012.1,9.91
1011.5,9.91
1011.9,9.92
1010.5,9.92
1009.7,9.93
1011.2,9.94
1011.7,9.93
1013,9.92
1014,9.92
1013.8,9.91
1012.3,9.91
1010.8,9.92
1010.1,9.92
1008.8,9.93
1009.2,9.94
1009.3,9.94
1009.1,9.93
1009,9.92
1010.2,9.91
1010.5,9.9
1009.5,9.9
1007.9,9.9
1006.7,9.91
1005.8,9.91
1006,9.92
1007.3,9.92
1008.7,9.9
1009,9.89
1010,9.89
1009.1,9.88
1008.6,9.88
1007.6,9.89
1006.5,9.9
1005.8,9.91
1005.6,9.92
1006.5,9.93
1007.9,9.93
1008.6,9.92
1009.2,9.92
1009.5,9.92
1009.2,9.92
1007.6,9.93
1007.5,9.94
1006.1,9.94
1005.9,9.95
1007.5,9.95
1008.3,9.94
1008.9,9.92
1009.8,9.92
1009.6,9.91
1008.9,9.9
1008.3,9.91
1007.3,9.92
1006.6,9.92
1006.4,9.93
1007.5,9.93
1009.2,9.93
1010.5,9.92
1012.2,9.92
1013.1,9.92
1012.7,9.92
1012.2,9.92
1011,9.92
1010.9,9.93
1011.3,9.93
1011.5,9.93
1012.3,9.92
1013.8,9.92
1013.7,9.91
1012.7,9.91
1011.3,9.9
1010.9,9.91
1009.2,9.91
1008.2,9.92
1008.1,9.92
1007.9,9.93
1009,9.92
1010.8,9.92
1010.8,9.91
1010.9,9.91
1010.9,9.91
1009.7,9.91
1009.1,9.91
1008.4,9.92
1008.8,9.92
1010.1,9.91
1010.4,9.91
1011.6,9.9
1012.6,9.89
1012.8,9.89
1012.1,9.88
1011,9.9
1010.8,9.91
1010.5,9.91
1010.3,9.92
1010.5,9.93
1012.1,9.93
1012.6,9.92
1014.4,9.91
1014.9,9.91
1013.4,9.91
1012.8,9.92
1012,9.93
1010.5,9.94
1010.9,9.94
1012.1,9.94
1013.4,9.93
1014.2,9.93
1014.1,9.93
1013.6,9.92
1013,9.92
1011.2,9.92
1010.5,9.92
1008.8,9.93
1009.1,9.94
1009.9,9.94
1009.2,9.94
1010.2,9.93
1010.8,9.92
1009.6,9.91
1009,9.91
1007.6,9.91
1005.6,9.92
1005.5,9.92
1006.1,9.92
1006.4,9.92
1007.4,9.92
1008.4,9.92
1009.3,9.91
1008.4,9.91
1008.2,9.9
1009.3,9.91
1009.3,9.92
1008.4,9.92
1009.2,9.93
1009.3,9.93
1011.1,9.93
1012.4,9.92
1013.1,9.91
1013.4,9.9
1013.5,9.89
1013,9.9
1011.8,9.9
1010.8,9.91
1010.5,9.91
1011.2,9.91
1011.8,9.9
1011.7,9.9
1012.6,9.9
1012.7,9.9
1011.7,9.89
1010.5,9.9
1009,9.91
1008,9.92
1008,9.93
1008.7,9.93
1007.9,9.93
1009,9.93
1010.2,9.92
1011.1,9.91
1010.5,9.91
1009,9.92
1008,9.92
1008,9.92
1008.1,9.93
1009.2,9.93
1009.7,9.93
1011.2,9.92
1012.2,9.91
1011.7,9.9
1010.8,9.9
1011.5,9.9
1010.3,9.91
1009.7,9.93
1010.1,9.94
1010.8,9.94
1011.6,9.93
1012.5,9.92
1012.1,9.91
1013,9.9
1011.7,9.89
1010.7,9.9
1010.1,9.9
1009.3,9.91
1010.2,9.92
1011.4,9.92
1012.4,9.91
1013.6,9.9
1013.6,9.89
1013.1,9.89
1011.4,9.88
1011.5,9.89
1011.3,9.9
1010.7,9.91
1009.6,9.92
1010.3,9.93
1011.9,9.92
1012.6,9.91
1013.1,9.9
1013,9.9
1012.2,9.9
1011.4,9.9
1010.2,9.92
1010.5,9.93
1010.6,9.93
1012.3,9.94
1011.9,9.93
1013.1,9.92
1013.5,9.91
1013.7,9.9
1013.4,9.9
1011.9,9.91
1010.6,9.91
1009.4,9.92
1009,9.93
1009.1,9.93
1009.4,9.92
1010.5,9.91
1011.1,9.9
1011.5,9.89
1010.5,9.88
1009.7,9.88
1008,9.89
1007.6,9.9
1006.2,9.91
1007.2,9.9
1008.2,9.9
1008.9,9.89
1009.7,9.89
1011,9.88
1010.9,9.88
1010.5,9.89
1010.1,9.89
1009.2,9.9
1009,9.91
1010.6,9.92
1012.3,9.92
1014.2,9.91
1015.4,9.9
1016.8,9.9
1015.2,9.9
1014.1,9.9
1013.4,9.91
1013.1,9.92
1012.4,9.93
1013.2,9.93
1013.2,9.92
1013.9,9.91
1014.3,9.9
1013.4,9.9
1012.4,9.9
1009.9,9.9
1008.2,9.9
1007.6,9.91
1007.3,9.92
1007.9,9.92
1008.8,9.93
1010.5,9.92
1011.1,9.91
1010.4,9.9
1009.5,9.9
1009.1,9.91
1007.7,9.91
1007.5,9.92
1008.3,9.92
1008.2,9.93
1010.1,9.92
1010.6,9.92
1011.6,9.91
1012.4,9.9
1012.9,9.9
1011.7,9.9
1009.7,9.9
1008.9,9.92
1008.9,9.93
1009.4,9.93
1010.5,9.93
1011.5,9.93
1011.7,9.92
1012.2,9.92
1011.8,9.91
1011.3,9.92
1010.7,9.93
1009.4,9.94
1008.5,9.94
1009.4,9.94
1010.7,9.94
1012.1,9.93
1012.8,9.91
1013,9.9
1013,9.9
1012,9.91
1010.9,9.91
1010.8,9.92
1011,9.93
1011.8,9.93
1012.3,9.92
1014.3,9.91
1015.4,9.9
1015.5,9.89
1014.4,9.88
1013.9,9.89
1012.3,9.9
1012.1,9.91
1012.1,9.92
1012.3,9.92
1012.6,9.91
1013.6,9.89
1013.8,9.88
1012.8,9.87
1012.4,9.87
1011.9,9.88
1009.6,9.89
1008.4,9.9
1008.1,9.91
1007.7,9.92
1008.3,9.92
1009.6,9.91
1010.3,9.9
1010.5,9.89
1009.4,9.89
1009.1,9.9
1008.3,9.91
1007,9.92
1006.2,9.92
1006.8,9.92
1007.9,9.92
1009,9.92
1009.7,9.91
1011.1,9.9
1011.5,9.9
1010.5,9.9
1009.4,9.91
1008.5,9.92
1008,9.93
1009,9.93
1009.2,9.93
1010.4,9.93
1012.2,9.92
1013.4,9.91
1013.5,9.91
1012.1,9.91
1010.2,9.91
1009.6,9.91
1008.8,9.92
1009.5,9.92
1010.2,9.91
1011.3,9.9
1012,9.89
1011,9.88
1010.5,9.88
1010.2,9.88
1008.9,9.89
1007.5,9.9
1007.7,9.91
1006.6,9.91
1007.8,9.91
1010.4,9.9
1011.4,9.9
1012.2,9.9
1011.2,9.9
1010.4,9.9
1009.1,9.91
1008.2,9.92
1008.7,9.92
1009.7,9.92
1010.9,9.92
1011.7,9.91
1012,9.9
1011.6,9.89
1012.1,9.89
1011.1,9.9
1009.6,9.9
1008.8,9.91
1008,9.92
1009.2,9.92
1010.1,9.92
1011.4,9.91
1012.1,9.91
1013.4,9.9
1012.4,9.89
1010.7,9.9
1009.9,9.91
1010,9.91
1010,9.91
1011.2,9.91
1011.7,9.9
1013,9.9
1012.8,9.89
1012.5,9.88
1011.7,9.87
1012,9.88
1011.1,9.88
1009.5,9.89
1008.6,9.9
1009.6,9.91
1011,9.9
1012.9,9.9
1013.4,9.89
1013.2,9.89
1012,9.89
1011,9.9
1008.9,9.91
1009.3,9.92
1009.8,9.93
1009.7,9.93
1010.2,9.93
1010.7,9.92
1012.2,9.92
1012.9,9.91
1012,9.9
1010.9,9.9
1009,9.91
1008.8,9.92
1009.1,9.92
1009.9,9.93
1010.7,9.92
1012,9.9
1012.3,9.89
1012.9,9.89
1012.7,9.88
1010.7,9.89
1009.9,9.9
1009.4,9.91
1009.3,9.92
1009.7,9.92
1011.1,9.92
1012.2,9.92
1012.4,9.91
1011.9,9.9
1011.1,9.89
1011.3,9.9
1011.3,9.91
1010.2,9.93
1009.8,9.94
1010.5,9.95
1011.8,9.94
1014.1,9.93
1015.5,9.92
1015.1,9.91
1014.1,9.9
1012.2,9.9
1010.9,9.91
1009.8,9.91
1010.7,9.92
1011.1,9.92
1010.5,9.91
1011.3,9.89
1012.1,9.88
1011.1,9.87
1010.7,9.86
1010.4,9.87
1008.6,9.88
1007,9.88
1007.1,9.9
1007.9,9.91
1009.2,9.91
1010.9,9.9
1011.8,9.89
1012,9.89
1011.4,9.89
1011,9.9
1009.2,9.91
1009,9.91
1009.4,9.92
1009.9,9.93
1010.1,9.93
1011,9.92
1011.1,9.91
1011,9.91
1009.7,9.9
1009,9.9
1008,9.91
1008.1,9.93
1008.5,9.94
1009.8,9.94
1010.6,9.94
1012.7,9.92
1013.5,9.91
1014.2,9.91
1013.4,9.9
1012.9,9.91
1012.1,9.91
1011.3,9.92
1012.5,9.92
1014.1,9.92
1014,9.92
1013.7,9.91
1014.4,9.9
1013,9.88
1011.8,9.88
1011.4,9.89
1009.4,9.89
1007.2,9.9
1006.8,9.91
1008.3,9.92
1008.4,9.91
1008.8,9.91
1010.2,9.9
1009.4,9.9
1008.6,9.89
1008.5,9.9
1007.8,9.91
1007.2,9.92
1007.8,9.93
1008.1,9.93
1009,9.93
1010.5,9.93
1012.1,9.92
1012,9.91
1010.5,9.91
1010.1,9.91
1009.4,9.92
1008.4,9.93
1008.2,9.94
1008.3,9.94
1009.5,9.93
1010.6,9.92
1010.1,9.91
1010.4,9.91
1009.5,9.9
1008.5,9.9
1007.5,9.91
1006.3,9.91
1006.5,9.92
1007.7,9.92
1008.2,9.92
1009.7,9.9
1010.5,9.9
1010.7,9.89
1010.2,9.89
1009.7,9.89
1009,9.9
1009.9,9.91
1009.5,9.91
1010.2,9.92
1010.5,9.91
1012.1,9.9
1013.3,9.9
1013.6,9.89
1012.6,9.89
1012.5,9.89
1010.9,9.9
1009.8,9.91
1009,9.92
1009.3,9.91
1009.6,9.91
1010.1,9.9
1009.9,9.9
1010.7,9.89
1010.7,9.89
1010.3,9.9
1008.3,9.91
1008,9.92
1008,9.93
1008,9.93
1008.2,9.93
1009.5,9.92
1009.9,9.91
1010.2,9.91
1009.7,9.91
1008.7,9.91
1008.5,9.92
1007.8,9.93
1007,9.93
1007.8,9.93
1008.8,9.93
1010.1,9.92
1010.4,9.91
1010.2,9.9
1010.4,9.9
1009.4,9.9
1008.1,9.91
1008.1,9.91
1009.1,9.92
1009.7,9.92
1009.8,9.92
1010.9,9.92
1011.5,9.91
1011.3,9.9
1010.6,9.9
1009.4,9.9
1007.9,9.91
1006.7,9.92
1006.5,9.93
1007,9.93
1008.6,9.92
1009.8,9.92
1010.4,9.91
1008.7,9.9
1007.8,9.9
1008.5,9.9
1007.9,9.91
1007.1,9.92
1007.8,9.93
1008.2,9.93
1009.9,9.93
1011.2,9.93
1012.3,9.91
1013,9.9
1012.4,9.9
1011,9.9
1010,9.91
1010.2,9.92
1011.2,9.93
1012.6,9.92
1013.1,9.92
1013.1,9.91
1013.8,9.91
1014.1,9.9
1012.4,9.9
1011.4,9.9
1010.8,9.9
1010.7,9.91
1010.4,9.92
1011.2,9.93
1011.8,9.93
1013.1,9.93
1013.6,9.93
1013.8,9.92
1013.2,9.92
1012,9.92
1011.3,9.93
1010.4,9.94
1010.2,9.94
1011.6,9.94
1011.5,9.93
1012.2,9.93
1012.3,9.91
1012.1,9.9
1010.5,9.9
1010.8,9.9
1009.6,9.9
1008.2,9.91
1007.7,9.92
1008.6,9.93
1009.6,9.93
1010.7,9.92
1012.2,9.91
1011.9,9.9
1011.5,9.9
1010.9,9.9
1009.9,9.91
1009.5,9.91
1009.9,9.92
1011.3,9.92
1011.6,9.92
1012.2,9.91
1012.3,9.9
1013.7,9.88
1012.6,9.88
1011.4,9.89
1010.5,9.9
1010,9.91
1010.2,9.92
1010.1,9.92
1010.5,9.92
1012.3,9.92
1013.3,9.92
1013.5,9.91
1012.8,9.91
1012.1,9.91
1012,9.92
1011.8,9.93
1011.8,9.93
1012.7,9.94
1012.9,9.93
1013.5,9.92
1013.8,9.91
1013.4,9.91
1013.7,9.9
1013.4,9.91
1012.1,9.91
1010.8,9.91
1010.3,9.92
1010.6,9.92
1011.8,9.92
1012.5,9.91
1014.3,9.9
1013.6,9.9
1013,9.89
1012.3,9.89
1011.6,9.9
1010.9,9.9
1011.2,9.91
1011.6,9.91
1011.9,9.91
1012.1,9.9
1013.5,9.9
1013.4,9.89
1012.2,9.89
1010.8,9.9
1010.2,9.9
1009.6,9.91
1009,9.92
1008.6,9.93
1009.9,9.93
1010.9,9.93
1011.6,9.92
1012.3,9.91
1011.3,9.91
1010,9.92
1009.3,9.92
1008.6,9.92
1007.9,9.93
1009.7,9.93
1010.6,9.92
1011,9.92
1011.4,9.91
1012.7,9.9
1012.5,9.9
1012.3,9.9
1011.6,9.9
1011.6,9.91
1011.5,9.92
1012.3,9.92
1013.8,9.92
1014.6,9.91
1015.6,9.9
1016,9.89
1014.8,9.89
1013.1,9.9
1012.3,9.9
1010.5,9.91
1010.3,9.92
1011.6,9.92
1012,9.91
1012.3,9.91
1012.2,9.9
1012.1,9.89
1011.6,9.88
1010.8,9.89
1010.4,9.9
1009.5,9.91
1010.3,9.92
1010.8,9.93
1011.6,9.92
1012.5,9.91
1014.1,9.91
1014,9.9
1012.9,9.9
1011.4,9.91
1010.8,9.91
1009.9,9.91
1009.8,9.92
1010.2,9.92
1011.2,9.92
1012.2,9.91
1012.2,9.9
1012.1,9.89
1011.8,9.88
1011.4,9.89
1010.6,9.9
1008.5,9.91
1008.2,9.91
1008.7,9.91
1009.8,9.91
1010.9,9.91
1012.5,9.91
1012.7,9.91
1012.4,9.91
1012.4,9.91
1011,9.91
1010.4,9.92
1010.5,9.93
1011.1,9.93
1011.9,9.93
1012.2,9.92
1014.2,9.91
1014.6,9.91
1014.5,9.9
1014.8,9.91
1013.1,9.91
1010.6,9.92
1010,9.92
1011.4,9.92
1011.4,9.92
1012.4,9.92
1013.4,9.91
1012.8,9.91
1012.1,9.91
1010.3,9.91
1009.8,9.91
1009.1,9.92
1009.1,9.93
1009.5,9.93
1010,9.92
1011.1,9.91
1012.7,9.91
1012.2,9.9
1010.8,9.9
1010.3,9.9
1009.2,9.91
1008.4,9.92
1008.4,9.93
1008.4,9.93
1010.2,9.93
1010.7,9.92
1010.9,9.91
1010.3,9.9
1009,9.9
1007.5,9.9
1007,9.91
1006.4,9.91
1007.1,9.92
1008,9.92
1007.7,9.92
1008.7,9.91
1009.7,9.9
1010.4,9.89
1010.9,9.89
1010.7,9.89
1010.2,9.89
1009.5,9.9
1010.3,9.91
1011.1,9.92
1011.2,9.91
1012.4,9.91
1014,9.9
1013.6,9.89
1012.6,9.89
1012.9,9.89
1012.4,9.9
1012.3,9.91
1012.4,9.91
1011.2,9.92
1011,9.92
1011.5,9.91
1012.6,9.9
1011.5,9.9
1011.7,9.89
1011.9,9.9
1009.7,9.91
1008.7,9.92
1009,9.93
1009.3,9.93
1009.7,9.93
1010.6,9.92
1010.2,9.92
1010.3,9.91
1011.8,9.9
1011.3,9.9
1010.5,9.91
1010.5,9.92
1010.4,9.92
1010.4,9.92
1010.6,9.91
1011.8,9.9
1012.3,9.89
1012,9.88
1011.5,9.88
1010,9.88
1008.3,9.89
1008.3,9.9
1008.1,9.91
1007.3,9.92
1008.2,9.92
1009.9,9.91
1010.2,9.9
1010.9,9.89
1010.1,9.89
1009.9,9.9
1009.2,9.91
1008.4,9.92
1008.9,9.93
1010.2,9.93
1010.7,9.93
1012,9.92
1012.1,9.91
1011.5,9.9
1010.6,9.89
1009,9.89
1007.5,9.9
1007.3,9.91
1007.5,9.92
1008,9.93
1009.2,9.93
1011.3,9.92
1011.6,9.91
1011.6,9.9
1010.7,9.89
1010,9.89
1008.8,9.9
1008.4,9.91
1009.3,9.92
1010,9.92
1011.5,9.91
1012.7,9.9
1011.7,9.9
1011.8,9.89
1012.3,9.88
1011.3,9.89
1009.2,9.9
1009.1,9.91
1008.8,9.92
1008.7,9.93
1010.3,9.93
1011.7,9.92
1012.4,9.9
1011.5,9.9
1011.3,9.9
1010.7,9.9
1009.8,9.91
1009.8,9.91
1009.6,9.92
1009.5,9.92
1009.5,9.92
1010.8,9.91
1011.3,9.9
1011,9.89
1010.4,9.88
1009.5,9.89
1008.4,9.9
1007.1,9.91
1008.1,9.92
1008.9,9.92
1009.6,9.92
1010.7,9.91
1012.2,9.9
1012.9,9.9
1012,9.89
1011.7,9.89
1010.2,9.9
1009.7,9.9
1010,9.9
1011.3,9.91
1012.5,9.91
1013.8,9.9
1015.3,9.89
1014.9,9.89
1014.2,9.88
1012.4,9.89
1011.3,9.89
1010.3,9.9
1008.6,9.9
1009.3,9.91
1010.2,9.91
1011.4,9.91
1012.6,9.9
1012.8,9.9
1012.1,9.89
1011,9.89
1009.4,9.9
1009.2,9.91
1009.2,9.91
1009.6,9.92
1011.3,9.91
1012.1,9.91
1013.2,9.9
1014.3,9.89
1013.5,9.89
1012.7,9.9
1011.9,9.9
1010.2,9.91
1009.2,9.91
1009.7,9.92
1010.7,9.91
1012,9.9
1011.5,9.9
1011,9.89
1010.7,9.89
1010.5,9.89
1010.3,9.9
1009.3,9.91
1009.5,9.92
1009.7,9.92
1010,9.92
1010.5,9.91
1010.9,9.9
1011.2,9.89
1010.8,9.89
1009.5,9.9
1008.1,9.91
1008.3,9.92
1008.1,9.92
1008.6,9.93
1008.2,9.92
1008.5,9.91
1009.2,9.91
1008.4,9.9
1008.9,9.9
1008.8,9.9
1007.9,9.91
1007.3,9.92
1007.5,9.92
1007.3,9.92
1007.7,9.92
1009.1,9.91
1010.3,9.9
1011.1,9.9
1010.2,9.9
1010.3,9.9
1009.6,9.91
1008.2,9.91
1009.3,9.92
1009.9,9.92
1009.8,9.91
1011.3,9.9
1012.9,9.9
1013,9.89
1013,9.89
1013.2,9.89
1011.6,9.9
1009.8,9.91
1010.1,9.91
1011.3,9.92
1012,9.91
1012.5,9.9
1013.2,9.9
1012.9,9.89
1012.3,9.89
1011.9,9.89
1010.8,9.9
1010.7,9.91
1011.6,9.92
1012.5,9.92
1012.7,9.92
1014,9.91
1014.7,9.9
1014.7,9.9
1013.6,9.9
1012,9.91
1011.1,9.91
1011.9,9.92
1011.4,9.93
1011.3,9.93
1012.1,9.93
1012.8,9.92
1011.8,9.91
1011.2,9.9
1010.5,9.9
1009.6,9.91
1010.1,9.92
1009.3,9.92
1009.3,9.93
1009.7,9.93
1010.8,9.92
1012.5,9.91
1012.9,9.91
1013.7,9.9
1012.8,9.9
1011.4,9.9
1010.2,9.9
1010.4,9.91
1010,9.91
1011.1,9.91
1011.8,9.91
1011.3,9.9
1012.7,9.89
1012.1,9.88
1011.6,9.87
1011.3,9.88
1010.5,9.89
1009,9.9
1008.3,9.91
1009.5,9.91
1010.8,9.91
1012.7,9.91
1013.5,9.9
1012.9,9.9
1012,9.9
1011.5,9.91
1010.1,9.92
1009,9.93
1009,9.93
1009.4,9.93
1010.7,9.93
1011,9.92
1011.2,9.91
1011.4,9.9
1010.7,9.9
1009.7,9.9
1008.2,9.91
1007.5,9.91
1008.3,9.92
1008.4,9.92
1009.8,9.92
1011.6,9.91
1013,9.91
1013.3,9.9
1013.5,9.9
1011.5,9.9
1011,9.91
1011.7,9.91
1011.9,9.92
1012.9,9.92
1014,9.92
1014.9,9.91
1015.2,9.91
1015.2,9.9
1014.2,9.9
1013,9.9
1012.5,9.9
1010.5,9.91
1010.8,9.92
1010.8,9.93
1012.2,9.92
1013.1,9.92
1012.8,9.92
1013.1,9.91
1012.5,9.91
1012.4,9.91
1011.6,9.91
1011.6,9.92
1011.3,9.92
1012.3,9.93
1012,9.92
1012.1,9.92
1013.9,9.91
1012.4,9.9
1011.9,9.9
1011.4,9.9
1010.2,9.91
1010.4,9.92
1009.2,9.93
1008.7,9.93
1009.2,9.93
1010.5,9.93
1010.4,9.92
1010.8,9.92
1010,9.91
1009.7,9.92
1008.8,9.92
1007.1,9.93
1008.4,9.93
1008.4,9.94
1008.8,9.93
1010.2,9.93
1010.5,9.92
1011.1,9.91
1010.4,9.9
1009.3,9.91
1007.8,9.91
1007.9,9.92
1007.8,9.93
1008.9,9.93
1010.1,9.93
1012.1,9.92
1013,9.92
1013.1,9.91
1012.5,9.9
1011.6,9.9
1009.7,9.9
1008.6,9.91
1007.8,9.92
1009.2,9.92
1009.3,9.91
1009.8,9.9
1010.5,9.9
1010.4,9.89
1009.7,9.88
1008.3,9.89
1006.8,9.89
1006.3,9.9
1006,9.91
1006.9,9.92
1008.7,9.92
1009.6,9.92
1010.5,9.91
1010.9,9.91
1010.3,9.91
1010.1,9.91
1009.3,9.92
1008.3,9.93
1008.9,9.94
1008.6,9.94
1010.1,9.93
1010.6,9.93
1011,9.92
1010.8,9.91
1010.3,9.9
1009.1,9.9
1009,9.91
1008.7,9.91
1009,9.92
1009.2,9.92
1010.2,9.92
1012.3,9.91
1013.8,9.9
1013.6,9.9
1013.1,9.89
1012,9.9
1012.5,9.9
1011.5,9.91
1012.5,9.91
1013.2,9.91
1012.8,9.91
1013,9.91
1013,9.9
1013.8,9.89
1014.2,9.89
1013.2,9.89
1011.8,9.9
1010.7,9.91
1010.7,9.91
1012,9.92
1013,9.92
1013,9.91
1013.7,9.9
1012.1,9.9
1010.4,9.89
1010.3,9.89
1009,9.9
1008.9,9.9
1007.9,9.9
1007.6,9.9
1008.4,9.9
1008.7,9.89
1008.3,9.89
1008.6,9.88
1007.5,9.87
1007.1,9.88
1005.8,9.89
1005.4,9.91
1005.6,9.92
1006.7,9.93
1007.2,9.93
1008.9,9.93
1009.5,9.92
1009.7,9.92
1008.7,9.92
1007.6,9.91
1008,9.92
1008.9,9.93
1008.6,9.94
1009.3,9.94
1009.1,9.93
1010,9.92
1011.4,9.91
1012,9.9
1011.5,9.89
1010.8,9.89
1009.7,9.9
1008.8,9.91
1008.8,9.91
1009.9,9.92
1010.7,9.92
1010.8,9.91
1011.1,9.9
1010.9,9.89
1010.5,9.88
1010.2,9.89
1009.7,9.9
1009.6,9.9
1009.9,9.91
1010.4,9.92
1011.7,9.92
1012.2,9.91
1012.5,9.9
1012.3,9.89
1011.5,9.89
1011,9.9
1010.5,9.9
1009.6,9.92
1009.1,9.93
1009.9,9.93
1011,9.93
1011.6,9.92
1010.8,9.91
1011.2,9.91
1011.6,9.9
1009.8,9.9
1009.2,9.91
1008.9,9.92
1009.2,9.93
1009.4,9.93
1009.4,9.92
1009.7,9.91
1010.2,9.9
1010.8,9.89
1009.5,9.89
1008.4,9.89
1007.5,9.9
1006.4,9.92
1005.9,9.93
1006.3,9.93
1007.4,9.93
1008.2,9.92
1009.8,9.92
1009.9,9.91
1009.8,9.91
1009.3,9.91
1009.2,9.92
1008.5,9.93
1008.7,9.94
1010.2,9.94
1010.5,9.94
1011.6,9.93
1013.2,9.91
1012.7,9.9
1012,9.9
1011.1,9.9
1010.8,9.91
1009.9,9.91
1009.2,9.92
1009.9,9.92
1010.9,9.92
1011.4,9.92
1012.1,9.9
1011.2,9.9
1011,9.89
1010.8,9.89
1010,9.9
1009.7,9.91
1010.5,9.91
1010.4,9.91
1010.7,9.91
1011.4,9.91
1011.8,9.9
1011.6,9.9
1010.5,9.89
1010.7,9.89
1011,9.9
1010,9.92
1010.2,9.93
1010.1,9.94
1010.5,9.94
1012,9.94
1012.6,9.93
1012.3,9.92
1012.7,9.91
1012.4,9.91
1012.4,9.92
1011.1,9.92
1011.2,9.93
1012.5,9.93
1012.1,9.93
1010.8,9.92
1012.5,9.91
1012.3,9.9
1011.4,9.9
1011.4,9.9
1010.1,9.91
1010.1,9.92
1009.6,9.93
1009.6,9.93
1011.1,9.93
1011.1,9.92
1012.8,9.91
1012.8,9.9
1012,9.89
1011.9,9.9
1012.5,9.91
1012.1,9.91
1012.8,9.92
1012.5,9.92
1012.5,9.91
1013.1,9.9
1012.8,9.89
1012.2,9.88
1012.2,9.88
1010.7,9.89
1009.8,9.9
1008.7,9.91
1009.2,9.93
1009,9.93
1009.8,9.93
1010.7,9.92
1010.3,9.91
1009.5,9.91
1010.4,9.9
1010.3,9.91
1009.9,9.92
1009,9.93
1010.2,9.93
1010.3,9.93
1011.2,9.93
1012.6,9.92
1014.3,9.91
1014.2,9.9
1014.1,9.89
1013.5,9.9
1012.2,9.91
1011.9,9.92
1012,9.92
1013.1,9.93
1012.8,9.92
1012.5,9.92
1013.7,9.91
1013.5,9.9
1012.3,9.9
1012.1,9.9
1010.9,9.9
1009.3,9.91
1008.9,9.93
1009.7,9.93
1010.7,9.93
1011.7,9.92
1011.9,9.91
1012,9.91
1011,9.91
1010.8,9.91
1011.1,9.92
1010.4,9.93
1010.2,9.94
1012.1,9.94
1012.7,9.94
1013.8,9.93
1014.8,9.92
1014.5,9.91
1014.3,9.9
1012.3,9.9
1012,9.91
1011.6,9.92
1012,9.92
1012.6,9.92
1013.1,9.91
1013.7,9.9
1014.2,9.9
1012.9,9.89
1011.5,9.89
1011.3,9.89
1010.6,9.9
1009.9,9.91
1010.7,9.92
1011.2,9.93
1012.5,9.93
1013.1,9.93
1014.4,9.92
1014.4,9.91
1013.6,9.9
1012.9,9.9
1011.8,9.91
1011.1,9.92
1012.5,9.93
1014,9.93
1013.6,9.93
1013.5,9.92
1013.5,9.91
1012.7,9.9
1012.1,9.89
1011.5,9.89
1010.6,9.89
1009.8,9.9
1009.5,9.92
1009.5,9.92
1010.7,9.92
1011.9,9.91
1012.8,9.9
1012.9,9.89
1011.6,9.89
1011.1,9.89
1010.4,9.89
1009.4,9.9
1010.3,9.91
1010.1,9.92
1010.3,9.91
1010.4,9.91
1010.8,9.9
1010.2,9.9
1009.1,9.9
1008.8,9.9
1008.6,9.91
1008,9.92
1007.7,9.93
1008.8,9.94
1009.4,9.93
1010.6,9.93
1011.9,9.92
1011.8,9.92
1011.1,9.91
1010.5,9.91
1010.6,9.92
1009.7,9.92
1010,9.93
1011.6,9.93
1011.6,9.92
1011.4,9.92
1011.7,9.91
1011.6,9.91
1010.3,9.9
1009.9,9.91
1008.7,9.91
1008.6,9.92
1008.5,9.92
1009.8,9.93
1010.5,9.93
1010.6,9.92
1011.9,9.91
1011.2,9.9
1010.5,9.9
1009.4,9.9
1009.6,9.91
1009.5,9.91
1009.9,9.92
1010.6,9.92
1010.9,9.91
1011.8,9.91
1011.6,9.91
1010.9,9.91
1010.3,9.9
1010,9.91
1009.7,9.92
1009.6,9.93
1010.9,9.93
1011.2,9.93
1012.3,9.93
1011.7,9.93
1012.1,9.92
1011.2,9.92
1010.4,9.92
1009.9,9.92
1009.7,9.92
1009.7,9.92
1010,9.92
1010.8,9.93
1011.2,9.93
1011,9.92
1010.6,9.91
1010.8,9.91
1009.9,9.91
1008.7,9.91
1008.6,9.91
1008,9.92
1008.8,9.92
1009.1,9.92
1010.2,9.93
1009.9,9.92
1009.5,9.92
1009.7,9.91
1008.6,9.9
1008.8,9.89
1008.3,9.9
1008.4,9.9
1008.3,9.91
1009.6,9.91
1011.8,9.9
1012.8,9.9
1013.7,9.89
1012.3,9.89
1011.8,9.88
1010.5,9.88
1010.2,9.88
1010.5,9.89
1010.1,9.91
1011.3,9.92
1011.3,9.92
1012.3,9.92
1012.5,9.92
1011.9,9.92
1011.2,9.92
1010.1,9.92
1009.3,9.93
1008.4,9.93
1009,9.94
1010.1,9.95
1010.7,9.95
1012,9.94
1012.4,9.93
1012.5,9.93
1011.8,9.92
1011.9,9.92
1011.1,9.92
1010.6,9.92
1011,9.92
1011.5,9.93
1012.2,9.93
1012.6,9.92
1013,9.91
1014.2,9.91
1013.7,9.91
1012.7,9.9
1012.3,9.91
1011.5,9.92
1011.5,9.92
1012,9.93
1011.7,9.93
1013.6,9.92
1013.1,9.91
1012.8,9.91
1012.5,9.9
1011.8,9.9
1011.8,9.91
1011.4,9.92
1011.8,9.92
1011.6,9.92
1013.1,9.92
1013.3,9.92
1014.3,9.91
1014.7,9.9
1013.7,9.89
1013.8,9.9
1012,9.9
1013,9.91
1013.4,9.91
1012.6,9.91
1012.9,9.91
1013.1,9.9
1012.9,9.89
1011.4,9.89
1011.7,9.88
1011.2,9.89
1010.8,9.89
1010.1,9.9
1009.7,9.91
1010.1,9.92
1011,9.92
1012,9.92
1011.3,9.91
1010.6,9.9
1010.4,9.9
1009.6,9.91
1009,9.91
1008.9,9.92
1010,9.93
1009.7,9.93
1010.6,9.93
1011,9.93
1011.3,9.92
1011.4,9.91
1010.4,9.91
1009.1,9.91
1009,9.92
1008.7,9.93
1009.2,9.94
1010.4,9.94
1011.6,9.94
1012.4,9.93
1013.6,9.92
1012.8,9.91
1012.7,9.91
1011.4,9.91
1010.7,9.91
1011,9.92
1011.6,9.92
1012.4,9.92
1013,9.92
1012.6,9.91
1013.2,9.9
1012.8,9.89
1012,9.89
1010.6,9.89
1009.3,9.9
1008.5,9.9
1009.3,9.91
1009.7,9.92
1010.7,9.92
1012,9.91
1011.1,9.91
1010.9,9.91
1011.1,9.9
1009.8,9.9
1010.1,9.91
1009.1,9.91
1009.7,9.92
1009.7,9.92
1011.6,9.92
1012.2,9.91
1012.5,9.91
1011.8,9.9
1011.4,9.9
1011,9.9
1010.9,9.91
1011.6,9.91
1012.2,9.92
1013,9.92
1014.1,9.92
1013.6,9.92
1015.1,9.91
1014.5,9.91
1014.5,9.91
1013.3,9.91
1012.6,9.91
1011.9,9.92
1011.6,9.93
1011.6,9.93
1011.4,9.93
1010.2,9.92
1010.1,9.91
1008.3,9.9
1007.3,9.9
1007.3,9.9
1007.9,9.9
1007.1,9.91
1007.7,9.92
1008.8,9.92
1009.3,9.92
1011,9.91
1012,9.91
1012.1,9.9
1012.3,9.89
1012.1,9.89
1012.5,9.9
1012.8,9.91
1014.1,9.92
1014.4,9.92
1014.4,9.92
1013.9,9.91
1014.8,9.9
1014.5,9.9
1014.1,9.89
1013.7,9.9
1012.7,9.9
1011.6,9.91
1012.3,9.92
1012.7,9.92
1013.8,9.92
1014.1,9.91
1013.9,9.9
1013.9,9.89
1013.4,9.89
1012.8,9.89
1013.5,9.89
1011.9,9.9
1011.4,9.91
1011.7,9.91
1012.6,9.91
1012.6,9.91
1012.8,9.9
1011.8,9.89
1010.5,9.89
1009.4,9.9
1008.9,9.91
1008.7,9.92
1008.9,9.93
1009.6,9.94
1010.9,9.94
1011,9.93
1012.2,9.92
1012.3,9.92
1011.6,9.91
1010.8,9.92
1009.8,9.92
1009.4,9.93
1010.7,9.94
1011.7,9.94
1011.8,9.94
1012.8,9.93
1013,9.91
1012.4,9.9
1011.7,9.89
1010.6,9.9
1010,9.9
1009.7,9.91
1010.6,9.92
1011.1,9.92
1011.8,9.91
1013.4,9.9
1014.5,9.9
1013.5,9.89
1013,9.89
1013.3,9.89
1012.5,9.9
1012.4,9.9
1011.8,9.91
1011.9,9.92
1012.5,9.92
1012.1,9.92
1011.9,9.91
1011.8,9.9
1010.5,9.89
1008.7,9.89
1007.3,9.9
1007.3,9.91
1007.6,9.92
1008.5,9.93
1008.5,9.93
1009.5,9.92
1010.2,9.92
1010.3,9.91
1010.2,9.91
1009.4,9.91
1009.8,9.91
1010.2,9.92
1010,9.93
1011.2,9.94
1013.2,9.94
1013.8,9.93
1013.1,9.92
1012.5,9.91
1012.1,9.9
1011.4,9.91
1010.5,9.91
1010,9.92
1010.7,9.93
1010.5,9.93
1012.1,9.93
1013.2,9.92
1013.1,9.91
1012.6,9.91
1012.4,9.9
1011.7,9.9
1012.8,9.9
1013.2,9.91
1013.6,9.92
1013.4,9.92
1014.5,9.91
1014.8,9.91
1014.9,9.9
1014.2,9.89
1013.8,9.88
1013.6,9.89
1012.8,9.9
1013,9.91
1012.9,9.91
1013.1,9.92
1014.1,9.92
1013.3,9.92
1013.4,9.92
1013,9.91
1013.2,9.9
1012.7,9.9
1011.9,9.91
1011.2,9.92
1011.8,9.93
1013.1,9.94
1012.2,9.93
1012.3,9.93
1011.4,9.92
1011.5,9.91
1010.9,9.91
1009.8,9.91
1009.5,9.91
1008.5,9.92
1010,9.93
1010.7,9.94
1010.6,9.94
1012.3,9.93
1012.8,9.92
1012,9.91
1011.6,9.9
1010.8,9.9
1011.1,9.91
1011,9.91
1011.2,9.92
1012.3,9.92
1013.1,9.92
1013.4,9.91
1013.7,9.9
1012.3,9.9
1010.5,9.89
1011,9.88
1009.4,9.89
1009.3,9.9
1010.6,9.91
1011.4,9.92
1012.9,9.92
1013.4,9.92
1013.6,9.91
1013.2,9.91
1011.2,9.9
1009.6,9.91
1009.2,9.92
1009.1,9.92
1009.7,9.93
1011.6,9.94
1011.2,9.94
1012.1,9.94
1012.7,9.93
1011.8,9.92
1009.9,9.91
1007.9,9.91
1007.4,9.92
1007.2,9.93
1007.9,9.93
1009.2,9.94
1010.4,9.93
1011.6,9.92
1012.4,9.92
1012,9.91
1010.9,9.9
1011.1,9.9
1010,9.91
1009,9.92
1009.1,9.92
1010.3,9.93
1012.7,9.93
1012.4,9.92
1012.1,9.91
1011.4,9.91
1010.3,9.91
1009,9.91
1008.4,9.92
1008.2,9.93
1008.4,9.94
1009.7,9.94
1010.4,9.93
1010.8,9.92
1011.4,9.92
1011,9.92
1010.5,9.91
1008.9,9.92
1009.7,9.92
1009.7,9.93
1009.9,9.94
1010.9,9.94
1012.2,9.94
1012.3,9.93
1012,9.92
1011.8,9.91
1010.1,9.91
1009.5,9.91
1010.2,9.92
1009.7,9.93
1011.2,9.93
1012.6,9.93
1013.3,9.92
1013.4,9.91
1014.8,9.91
1014.4,9.9
1013.4,9.88
1013,9.89
1012.9,9.89
1012.5,9.9
1013.4,9.91
1014.4,9.92
1014,9.92
1014,9.92
1014.7,9.91
1013,9.9
1011.6,9.9
1011.3,9.9
1009.9,9.91
1008.5,9.92
1010.2,9.93
1011.5,9.93
1013.1,9.94
1013.4,9.93
1013.6,9.92
1012.1,9.91
1011.6,9.91
1010.5,9.9
1010,9.91
1009.7,9.91
1010.8,9.92
1011,9.92
1011.5,9.92
1012,9.91
1012.3,9.9
1010.5,9.89
1010.1,9.89
1007.4,9.88
1006.3,9.89
1007.1,9.9
1007.8,9.91
1008.3,9.92
1009.9,9.92
1010.5,9.91
1010.5,9.9
1009.9,9.9
1009.1,9.9
1009.2,9.9
1008.8,9.9
1009.4,9.91
1010.4,9.92
1010.2,9.92
1011.9,9.92
1013,9.91
1013.5,9.9
1011.8,9.89
1011.6,9.88
1011.1,9.88
1010.7,9.89
1009.9,9.9
1011,9.91
1012.2,9.91
1012,9.91
1012.5,9.91
1012.9,9.9
1012.5,9.9
1012.3,9.89
1012,9.89
1011.9,9.9
1011,9.91
1013,9.91
1013,9.92
1014.1,9.91
1014.2,9.91
1014.5,9.9
1013.7,9.88
1013.4,9.88
1012.9,9.88
1012.2,9.89
1011.6,9.89
1011.3,9.9
1011.6,9.9
1012.3,9.9
1011.9,9.9
1012.3,9.89
1011.5,9.88
1010.7,9.88
1009.5,9.88
1008.8,9.89
1008.8,9.9
1009,9.91
1008.7,9.91
1008.7,9.91
1009.8,9.9
1008.9,9.9
1008.2,9.89
1007.6,9.9
1007,9.9
1007,9.9
1006.9,9.91
1007,9.92
1009,9.93
1009.8,9.93
1011,9.92
1011.6,9.92
1010.6,9.91
1010.2,9.9
1010.4,9.9
1009.6,9.91
1010.4,9.92
1011.9,9.92
1013,9.92
1013.5,9.92
1013.3,9.91
1013,9.91
1012.7,9.9
1011.2,9.9
1010.8,9.9
1009.6,9.9
1009.6,9.91
1010.2,9.92
1010.2,9.93
1011.7,9.93
1012.1,9.92
1012.3,9.92
1011.4,9.91
1011.2,9.91
1010,9.91
1010.6,9.92
1011.1,9.92
1011.2,9.93
1011.1,9.93
1011.3,9.92
1012,9.92
1012,9.91
1011.9,9.89
1011.6,9.88
1009.8,9.88
1009.2,9.89
1008.6,9.89
1009.3,9.9
1009.5,9.9
1011.1,9.91
1010.9,9.91
1011.1,9.9
1010.7,9.9
1010.8,9.89
1010.8,9.89
1010.5,9.9
1010.2,9.91
1010.9,9.92
1012.2,9.92
1013,9.92
1014,9.91
1014.5,9.91
1013.7,9.9
1012.5,9.89
1011.3,9.89
1010.3,9.89
1009.3,9.89
1010.2,9.9
1011.2,9.91
1012.3,9.91
1012.8,9.9
1012.8,9.9
1012.3,9.89
1011,9.89
1010.4,9.89
1010.7,9.9
1010.2,9.91
1010.3,9.91
1011,9.92
1011.3,9.92
1012.8,9.91
1013.1,9.91
1012.4,9.9
1012,9.9
1010.4,9.9
1009.2,9.91
1009,9.92
1008.9,9.93
1009.8,9.94
1010.7,9.94
1009.6,9.93
1010.5,9.92
1010.1,9.92
1009.5,9.92
1009.9,9.92
1009.3,9.92
1009,9.93
1009.1,9.94
1009.5,9.94
1010.2,9.94
1011.6,9.93
1012.1,9.92
1012,9.91
1011.3,9.9
1010.5,9.91
1010.2,9.91
1009.3,9.92
1011.5,9.92
1012.4,9.93
1011.4,9.93
1011.6,9.93
1012.5,9.92
1013,9.91
1011.8,9.9
1011,9.9
1010.1,9.91
1009.8,9.92
1010,9.93
1010.8,9.93
1011.9,9.92
1012.5,9.92
1012.8,9.91
1011.5,9.91
1010.7,9.9
1011.2,9.9
1009.9,9.91
1009.1,9.91
1009.4,9.92
1010.6,9.93
1011.1,9.93
1011.6,9.92
1011.4,9.91
1011.7,9.91
1011.6,9.91
1010.4,9.91
1010.7,9.91
1009.9,9.92
1009.6,9.93
1010.7,9.93
1011,9.93
1013.3,9.92
1013.9,9.92
1011.7,9.91
1010.7,9.91
1011,9.91
1010.6,9.92
1010.4,9.92
1010.5,9.92
1011.1,9.93
1012.4,9.93
1012.7,9.93
1014.9,9.92
1014,9.91
1012.7,9.91
1012.1,9.91
1010.5,9.92
1009.6,9.93
1012,9.93
1012.4,9.94
1012.6,9.93
1012.5,9.92
1012.5,9.92
1011.3,9.91
1010.6,9.9
1009.5,9.9
1007.8,9.9
1007.5,9.91
1008.9,9.92
1010.2,9.93
1011.2,9.93
1012,9.92
1012.4,9.91
1012.1,9.9
1012.1,9.9
1011.3,9.9
1011.4,9.91
1011.9,9.92
1012.5,9.93
1012.2,9.93
1012.5,9.93
1013.5,9.93
1012.2,9.92
1011.3,9.9
1010.2,9.9
1009.2,9.9
1008.9,9.91
1009.1,9.92
1009.3,9.93
1010.6,9.93
1012.1,9.94
1012.3,9.93
1013.4,9.92
1012.9,9.91
1012.1,9.9
1011.2,9.9
1011.1,9.91
1011.4,9.92
1011.6,9.93
1011.8,9.92
1011.6,9.92
1012.1,9.91
1011.9,9.91
1010.9,9.9
1009,9.89
1007.9,9.89
1007.7,9.9
1006.1,9.91
1006.5,9.92
1007.9,9.92
1009.9,9.92
1010.9,9.92
1010.4,9.91
1010.5,9.9
1009.8,9.9
1010.3,9.91
1009.5,9.91
1009.4,9.92
1010.4,9.93
1010.8,9.93
1010.9,9.93
1011.6,9.92
1011.5,9.91
1012,9.9
1011.6,9.89
1010.1,9.89
1007.9,9.9
1008.4,9.91
1009.4,9.92
1011.1,9.93
1011.6,9.92
1011.6,9.91
1011.1,9.91
1010.1,9.9
1009.6,9.89
1009.5,9.9
1008.6,9.9
1008.4,9.91
1008.5,9.92
1009.3,9.93
1009.4,9.93
1010.6,9.92
1011,9.91
1009.5,9.9
1009.1,9.89
1009.1,9.89
1008.3,9.89
1008.7,9.9
1010.1,9.92
1011.2,9.92
1011.8,9.92
1012.3,9.91
1013.8,9.9
1013.3,9.9
1012.8,9.89
1013,9.9
1013,9.9
1012.6,9.91
1013.7,9.92
1013.5,9.93
1013.4,9.93
1015,9.92
1014.8,9.91
1013.6,9.9
1012.4,9.9
1011.7,9.9
1011.2,9.9
1010.4,9.91
1011.1,9.92
1010.8,9.93
1012.2,9.92
1012.8,9.91
1012.4,9.9
1011.6,9.9
1011.8,9.89
1011.6,9.9
1010.6,9.9
1010.4,9.91
1010.8,9.91
1011.9,9.91
1012.6,9.91
1013.6,9.91
1013.9,9.91
1012.2,9.9
1012.2,9.89
1011.5,9.9
1010.7,9.91
1011.1,9.91
1011.9,9.93
1012,9.93
1012,9.93
1013,9.93
1013.7,9.92
1013.5,9.91
1012.5,9.91
1013.1,9.92
1011.7,9.92
1010.8,9.93
1012.4,9.93
1013,9.94
1012.6,9.93
1013,9.92
1013.2,9.91
1012.6,9.9
1011.9,9.89
1012,9.89
1010.7,9.9
1011.1,9.91
1012.1,9.92
1013,9.92
1012.7,9.92
1014.2,9.92
1014.2,9.91
1014.3,9.9
1013.8,9.9
1012.9,9.91
1013.2,9.91
1013.3,9.92
1012.8,9.94
1013.1,9.94
1012.9,9.94
1014,9.93
1013.1,9.92
1010.7,9.91
1010.4,9.9
1009.5,9.9
1009.7,9.9
1010.4,9.91
1010.8,9.92
1011.6,9.92
1012.2,9.92
1011.9,9.91
1012,9.9
1012.1,9.89
1011.3,9.89
1011.6,9.88
1010.8,9.89
1011,9.9
1012.8,9.91
1013.6,9.92
1014.3,9.92
1014.3,9.91
1015.4,9.9
1013.7,9.89
1012.8,9.89
1012.4,9.89
1011.8,9.91
1012.2,9.92
1013.2,9.92
1014.8,9.93
1014.5,9.93
1014.8,9.93
1014.7,9.92
1013.5,9.91
1012.6,9.9
1011.9,9.9
1010.6,9.91
1009,9.92
1009.6,9.93
1010.1,9.94
1011.6,9.93
1012.5,9.92
1011.6,9.92
1010.2,9.91
1009.1,9.91
1008.4,9.91
1008,9.92
1008.5,9.92
1009.5,9.93
1010.9,9.94
1011.7,9.94
1012,9.93
1012,9.92
1011.4,9.92
1010.9,9.91
1009.7,9.92
1009.5,9.92
1009.6,9.93
1010.7,9.93
1012.3,9.93
1013.6,9.93
1013.5,9.93
1013.5,9.92
1012.9,9.91
1011.2,9.91
1010.4,9.91
1010.5,9.92
1011.1,9.92
1013,9.93
1014,9.94
1014.8,9.94
1014.2,9.93
1014,9.92
1012.8,9.91
1011.6,9.91
1010.5,9.91
1010.5,9.91
1010.1,9.91
1010.8,9.92
1011.5,9.92
1012.3,9.92
1012.5,9.91
1012.3,9.9
1010.5,9.89
1009.5,9.88
1007.7,9.88
1008.1,9.89
1008.2,9.9
1009.6,9.91
1010.2,9.92
1010.9,9.92
1011.3,9.92
1011.2,9.92
1010.3,9.91
1009.8,9.91
1008.8,9.92
1008.8,9.93
1008.1,9.94
1008.5,9.95
1009.5,9.95
1010.7,9.95
1011.2,9.94
1011,9.93
1009.8,9.92
1008.9,9.91
1009,9.91
1008.3,9.91
1007.5,9.92
1008.3,9.92
1009.5,9.93
1010.5,9.92
1009.7,9.91
1010.6,9.9
1010.2,9.89
1009.1,9.89
1009.4,9.89
1008.4,9.9
1008.4,9.91
1009.8,9.92
1011.1,9.92
1011.4,9.92
1012.5,9.92
1012.8,9.92
1012.1,9.9
1010.8,9.9
1009.3,9.91
1009.1,9.91
1008.7,9.92
1009.1,9.93
1010.3,9.94
1011,9.94
1012.4,9.92
1013,9.92
1011.9,9.91
1010.8,9.9
1010.8,9.9
1010.2,9.9
1011.6,9.9
1012.3,9.91
1013.5,9.92
1014.4,9.91
1016,9.91
1015.5,9.9
1014.6,9.89
1013,9.88
1012.2,9.88
1010.4,9.89
1009.8,9.89
1010.1,9.9
1011.3,9.92
1011.6,9.92
1011.9,9.92
1010.5,9.92
1009.8,9.91
1008.4,9.89
1008.5,9.89
1007.1,9.9
1007.6,9.92
1008.8,9.92
1011.1,9.93
1011.3,9.93
1012.6,9.93
1012.7,9.92
1011.9,9.91
1009.6,9.9
1008,9.9
1007.2,9.9
1007.5,9.91
1008.6,9.93
1009.8,9.94
1010.3,9.94
1011,9.93
1010,9.92
1008.8,9.91
1008.1,9.91
1007.6,9.91
1006.1,9.91
1006.4,9.92
1007,9.93
1008.4,9.93
1009.9,9.93
1010.1,9.92
1009.5,9.92
1008.5,9.9
1007.3,9.9
1006.5,9.9
1005.8,9.9
1007.4,9.91
1009.3,9.92
1009.2,9.93
1009.7,9.92
1011.1,9.92
1010.7,9.91
1009.7,9.9
1008.7,9.9
1008.7,9.9
1008.6,9.91
1008.7,9.91
1009.1,9.92
1011,9.93
1012,9.93
1013.3,9.92
1012.8,9.91
1010.6,9.9
1009.9,9.9
1008.6,9.9
1007.8,9.9
1008,9.91
1009.8,9.92
1011,9.92
1010.7,9.92
1011.5,9.92
1011.9,9.92
1011.3,9.91
1010.6,9.9
1009.8,9.9
1008.3,9.91
1007.6,9.92
1009.8,9.93
1010,9.93
1011.3,9.93
1012.4,9.93
1012,9.92
1011,9.91
1010.6,9.9
1010.3,9.9
1009.1,9.91
1008.9,9.91
1010.4,9.91
1010.5,9.92
1012.1,9.92
1013.1,9.92
1013.4,9.91
1011.8,9.9
1011.7,9.89
1010.7,9.89
1009.8,9.89
1009.3,9.9
1009.7,9.91
1010.4,9.91
1010.6,9.91
1011.9,9.91
1012.5,9.91
1011.2,9.9
1010.1,9.89
1008.6,9.89
1008,9.89
1008.4,9.89
1008.9,9.9
1009.9,9.91
1009.8,9.91
1011,9.91
1012.1,9.9
1011.3,9.89
1009.8,9.88
1009.7,9.89
1009.9,9.89
1009.5,9.9
1011,9.9
1011.6,9.91
1012.1,9.91
1012.7,9.91
1011.8,9.9
1011.5,9.89
1010.9,9.89
1011.1,9.89
1009.7,9.9
1009.7,9.91
1011,9.92
1012.3,9.93
1014,9.92
1013.4,9.92
1012.7,9.91
1011.3,9.9
1010.6,9.9
1010,9.9
1009.5,9.9
1010.3,9.91
1011.4,9.92
1011.4,9.93
1012,9.92
1012.5,9.91
1011.6,9.91
1010.7,9.9
1010,9.89
1007.3,9.89
1006.8,9.89
1007.1,9.9
1007.8,9.91
1009,9.92
1010.2,9.92
1010.7,9.91
1010.4,9.9
1009.7,9.9
1008.3,9.89
1007.5,9.9
1007,9.9
1007.6,9.91
1007.9,9.91
1009.2,9.92
1010.8,9.92
1012.1,9.91
1013.3,9.9
1012.1,9.9
1010.7,9.89
1009.1,9.89
1008.1,9.9
1008.3,9.91
1009.3,9.92
1011.3,9.92
1011.8,9.92
1012.8,9.92
1012.5,9.91
1012.3,9.91
1011.1,9.9
1010.5,9.89
1009.1,9.9
1008.7,9.91
1010.1,9.92
1011.1,9.92
1011.9,9.93
1013.1,9.92
1012.7,9.92
1011.5,9.9
1010,9.9
1009.5,9.9
1009.3,9.91
1009.8,9.92
1010.5,9.93
1011.2,9.94
1011.4,9.94
1012.1,9.94
1011.3,9.93
1010.6,9.92
1009.5,9.91
1008.6,9.91
1007.7,9.91
1008.1,9.92
1009,9.93
1010.2,9.93
1010.6,9.92
1010.7,9.91
1010.8,9.9
1009.5,9.89
1008,9.89
1008.3,9.89
1008,9.89
1008.4,9.9
1009.8,9.91
1010.5,9.92
1012,9.92
1012.4,9.91
1012.2,9.91
1011.1,9.9
1010.6,9.9
1009.8,9.9
1009.6,9.91
1009.4,9.92
1010.6,9.92
1012.7,9.93
1013.1,9.93
1013,9.92
1012.7,9.92
1010.8,9.91
1010.5,9.91
1009.8,9.91
1009.3,9.91
1010.2,9.93
1011.7,9.94
1012.6,9.94
1014.7,9.93
1015.3,9.92
1014.8,9.91
1014.5,9.91
1013.8,9.9
1012.3,9.9
1011.5,9.91
1011.3,9.92
1011.7,9.92
1013.5,9.92
1013.6,9.91
1014.1,9.9
1013.5,9.89
1012.1,9.88
1010.5,9.88
1008.5,9.89
1007.5,9.9
1008,9.91
1008.4,9.92
1008.3,9.93
1009.4,9.93
1011,9.92
1011.1,9.92
1011.9,9.91
1009.7,9.9
1009.4,9.91
1008.3,9.91
1007.8,9.91
1008.7,9.92
1010.1,9.93
1011.5,9.92
1011.9,9.91
1011.5,9.9
1010.3,9.88
1009.4,9.88
1008.7,9.87
1007.5,9.88
1008.1,9.88
1008.6,9.89
1009.9,9.9
1010.4,9.9
1012.4,9.89
1012.6,9.88
1011.7,9.88
1011.1,9.87
1010,9.87
1009.6,9.88
1010.4,9.89
1010.5,9.89
1011.2,9.9
1012.2,9.9
1012.5,9.9
1012.5,9.89
1010.7,9.88
1009.9,9.88
1009.2,9.88
1007.4,9.89
1007.9,9.9
1008.7,9.91
1009.7,9.92
1010,9.92
1010.2,9.91
1009.4,9.91
1009.5,9.9
1008.7,9.9
1007.8,9.9
1007.5,9.91
1006.9,9.92
1007.2,9.92
1007.7,9.92
1008.7,9.92
1009.5,9.92
1009.1,9.91
1007.4,9.9
1006.5,9.89
1006.5,9.89
1006.6,9.9
1006.9,9.91
1007.9,9.93
1009.3,9.93
1010,9.92
1011.4,9.92
1011.4,9.91
1011.3,9.9
1011.4,9.9
1011.2,9.9
1009.9,9.9
1010.3,9.91
1012,9.91
1013.4,9.92
1014.5,9.92
1015.1,9.91
1014.4,9.9
1013.3,9.89
1012.9,9.89
1012,9.89
1010.3,9.9
1010.2,9.91
1011.5,9.92
1012.5,9.93
1012.9,9.93
1013.8,9.92
1013.7,9.91
1012.6,9.91
1010.6,9.9
1009.1,9.9
1008.8,9.91
1009.5,9.91
1010.1,9.92
1010.6,9.92
1011.5,9.92
1012.3,9.92
1013.2,9.91
1012.2,9.9
1009.5,9.89
1008.6,9.9
1008.2,9.9
1008.1,9.91
1009.2,9.91
1010.5,9.91
1011.3,9.91
1011.5,9.91
1011.1,9.9
1010.8,9.9
1009.9,9.9
1008.6,9.9
1008.2,9.91
1007.3,9.91
1008,9.92
1009.7,9.92
1010,9.93
1011.3,9.92
1011.1,9.91
1009.8,9.91
1008.3,9.91
1007.5,9.91
1006.4,9.91
1006.7,9.92
1007.5,9.93
1008,9.93
1009.1,9.92
1010.5,9.92
1010.6,9.91
1010.6,9.89
1010,9.89
1008.9,9.88
1007.7,9.89
1007.8,9.9
1008.8,9.9
1011.2,9.91
1012.6,9.91
1013.9,9.91
1013.6,9.9
1013.3,9.89
1012.8,9.89
1012.4,9.89
1011.3,9.9
1011.4,9.91
1012.2,9.92
1012.9,9.93
1014.5,9.94
1014.8,9.93
1014.8,9.93
1014.2,9.92
1011.7,9.91
1010.6,9.91
1009.2,9.91
1010.3,9.92
1010.7,9.92
1012.2,9.93
1011.9,9.93
1012,9.92
1011.8,9.91
1010.8,9.9
1009.9,9.89
1008.7,9.89
1008.2,9.9
1008.8,9.9
1010.2,9.91
1010.7,9.92
1011.5,9.92
1013.3,9.92
1012.8,9.91
1011,9.9
1009.7,9.9
1010.4,9.9
1009.9,9.9
1011.4,9.91
1012,9.92
1013.1,9.92
1014.4,9.92
1014.8,9.92
1014.3,9.91
1013.1,9.9
1013.4,9.9
1012.6,9.9
1011.5,9.91
1011.6,9.91
1013.4,9.92
1014.1,9.93
1014.6,9.93
1015.3,9.92
1014.3,9.91
1013.5,9.9
1012.5,9.89
1011.4,9.89
1011.1,9.9
1011.1,9.91
1011.9,9.92
1013.2,9.92
1014.4,9.92
1014.3,9.91
1013.6,9.91
1012,9.9
1011.3,9.89
1010.3,9.9
1009.2,9.91
1009.2,9.91
1010.3,9.93
1011.4,9.94
1012.2,9.94
1013.2,9.93
1013,9.92
1011.8,9.91
1010.1,9.9
1008.8,9.91
1008,9.91
1007.8,9.92
1009.2,9.93
1009.6,9.94
1010.6,9.94
1012.6,9.93
1012,9.92
1010.9,9.91
1010.1,9.91
1010.2,9.91
1009,9.91
1009.3,9.92
1010,9.93
1011.3,9.94
1012.7,9.94
1014.1,9.93
1015.1,9.92
1015.2,9.91
1015,9.9
1014,9.9
1012.5,9.9
1012.8,9.91
1013.7,9.91
1015.1,9.92
1015.3,9.92
1016.3,9.91
1016,9.9
1015,9.9
1013.7,9.9
1011.9,9.9
1011.4,9.91
1010.4,9.92
1010.9,9.92
1012,9.93
1012.5,9.93
1013.4,9.93
1014.4,9.92
1012.8,9.92
1011.8,9.91
1010.6,9.91
1009.1,9.92
1009.1,9.92
1011.2,9.93
1011.9,9.93
1013.4,9.93
1013.5,9.92
1014.2,9.92
1013.1,9.91
1011.2,9.9
1010.8,9.9
1010.7,9.91
1010.6,9.92
1012.4,9.92
1012.2,9.93
1013.1,9.93
1014.6,9.93
1014.6,9.92
1013.2,9.92
1012.2,9.91
1010.8,9.9
1009.1,9.91
1008.5,9.91
1008.7,9.92
1009.9,9.92
1011.2,9.93
1010.5,9.92
1009.4,9.91
1008.6,9.9
1008.2,9.89
1007.5,9.89
1007.5,9.89
1007.6,9.9
1009,9.91
1010.6,9.92
1011.5,9.92
1012.8,9.92
1013.2,9.91
1012.4,9.91
1012.1,9.9
1010.7,9.9
1009.8,9.91
1009.6,9.92
1010.8,9.93
1012,9.93
1012.1,9.94
1012.5,9.93
1012.7,9.92
1011.6,9.92
1010.5,9.91
1009.9,9.91
1009.3,9.92
1009.3,9.93
1010.6,9.94
1010.9,9.95
1012.4,9.94
1013.3,9.94
1014.4,9.93
1012.7,9.92
1011.9,9.92
1012.4,9.92
1010.7,9.92
1010.4,9.93
1011.2,9.94
1011.8,9.95
1012.7,9.94
1012.9,9.94
1013.1,9.93
1012.5,9.92
1012.2,9.91
1010.3,9.91
1010.5,9.91
1010,9.92
1011.5,9.92
1012.2,9.93
1012.5,9.93
1014,9.92
1014.5,9.91
1013.2,9.9
1012.8,9.89
1012.9,9.89
1012.7,9.9
1012.6,9.9
1012.1,9.91
1011.5,9.91
1012.9,9.91
1013.5,9.91
1013.2,9.9
1012.1,9.9
1011.7,9.89
1010.8,9.89
1009,9.9
1009.1,9.91
1010.2,9.92
1011.2,9.93
1010.6,9.93
1011.5,9.92
1011.3,9.91
1012,9.91
1012.6,9.9
1012.2,9.9
1010.4,9.9
1010.5,9.91
1011.5,9.92
1011.1,9.92
1011.9,9.92
1013.8,9.91
1013.4,9.9
1012.1,9.89
1010.7,9.88
1010.1,9.87
1010,9.88
1010.9,9.89
1011.3,9.9
1012.4,9.91
1013.4,9.92
1014.5,9.91
1015.3,9.9
1015.2,9.9
1014.5,9.89
1012.9,9.89
1011.5,9.91
1011.6,9.92
1012.7,9.93
1013.4,9.94
1014.6,9.94
1014.1,9.94
1013.9,9.93
1012.8,9.92
1012,9.92
1010.2,9.92
1009.8,9.92
1008.4,9.93
1009,9.94
1010.5,9.95
1011.7,9.95
1012.6,9.93
1013.4,9.92
1012.5,9.91
1012.2,9.91
1011.6,9.9
1011.1,9.92
1010.4,9.92
1011.7,9.93
1012,9.93
1013.2,9.93
1013.6,9.92
1014.2,9.91
1013,9.91
1012.3,9.9
1011.8,9.91
1010.4,9.92
1010.2,9.93
1011.2,9.94
1011.7,9.94
1012.8,9.94
1014.1,9.93
1014.9,9.92
1013.5,9.92
1013,9.91
1011.7,9.91
1011.2,9.92
1010.8,9.93
1011.4,9.94
1012.5,9.94
1013,9.93
1013.1,9.93
1013,9.92
1012.5,9.91
1013,9.91
1011.4,9.91
1010.4,9.91
1009.8,9.92
1010.8,9.93
1010.5,9.94
1011.6,9.94
1012.3,9.93
1013,9.92
1012.3,9.91
1011.6,9.9
1011.1,9.91
1010.6,9.91
1009.9,9.92
1010.2,9.92
1010.1,9.93
1011.6,9.93
1011.9,9.92
1011.6,9.92
1010.9,9.91
1011.2,9.9
1010.8,9.9
1010.1,9.9
1009.3,9.91
1010.3,9.93
1011,9.94
1011.6,9.94
1013.4,9.93
1014,9.92
1013.3,9.91
1012.3,9.91
1010.8,9.9
1010.3,9.91
1009.7,9.92
1010.5,9.92
1010.9,9.93
1011.4,9.93
1012,9.92
1012.5,9.91
1011.6,9.9
1011.1,9.89
1010.6,9.89
1009.9,9.9
1009.6,9.91
1010.9,9.92
1010.9,9.93
1012.7,9.93
1013.3,9.93
1013.7,9.92
1013,9.91
1013,9.91
1011.6,9.91
1011.8,9.92
1011.8,9.93
1012,9.94
1012.5,9.95
1012.8,9.94
1013.1,9.93
1013.4,9.92
1011.9,9.91
1011.9,9.9
1010.5,9.9
1010.3,9.9
1010.3,9.91
1011.3,9.92
1011.9,9.92
1013.3,9.92
1013.5,9.91
1014.1,9.9
1013.5,9.89
1012.6,9.89
1012.5,9.89
1012.5,9.89
1011.7,9.9
1012.4,9.91
1012.9,9.91
1013.1,9.91
1013.8,9.9
1013.5,9.9
1011.5,9.89
1010.9,9.89
1009.5,9.89
1009.5,9.9
1009.3,9.91
1010.2,9.92
1010.7,9.93
1010.7,9.93
1010.8,9.93
1011,9.92
1010.5,9.91
1009.5,9.91
1008.8,9.92
1007.5,9.93
1008.4,9.93
1009.6,9.93
1010,9.94
1010.5,9.94
1010.3,9.93
1009.7,9.92
1008.6,9.91
1007.9,9.9
1007.4,9.9
1006.4,9.9
1006.9,9.91
1008.2,9.92
1009.9,9.92
1010.7,9.92
1011.5,9.92
1011.1,9.91
1010.6,9.9
1009.3,9.9
1009,9.9
1008.8,9.91
1008.7,9.91
1010.5,9.92
1012,9.92
1012.6,9.93
1013.4,9.93
1013.7,9.92
1012.7,9.91
1011.2,9.9
1011.4,9.9
1010.9,9.91
1011,9.92
1012.6,9.93
1013.5,9.94
1014.4,9.93
1014.5,9.93
1015.3,9.92
1014.4,9.92
1012.7,9.91
1011.7,9.91
1011.9,9.91
1010.8,9.91
1011.5,9.92
1012.8,9.92
1013,9.92
1013.2,9.91
1012.9,9.91
1011.6,9.9
1011,9.89
1009.1,9.89
1008.5,9.9
1007.8,9.9
1007.6,9.91
1008.7,9.92
1010.2,9.92
1011.1,9.92
1011.1,9.91
1010.6,9.9
1009.2,9.9
1008,9.91
1007.6,9.91
1008,9.92
1009.2,9.92
1009.8,9.93
1010.8,9.92
1011.6,9.92
1011.3,9.91
1011.1,9.91
1011,9.9
1010.4,9.9
1009.3,9.9
1010.2,9.91
1011.1,9.91
1012,9.92
1013,9.92
1014.2,9.91
1013.7,9.91
1011.8,9.9
1011.2,9.89
1012.2,9.9
1010.8,9.9
1011.1,9.91
1011.5,9.91
1010.9,9.92
1011.6,9.92
1012,9.91
1011.9,9.91
1011.5,9.9
1011.2,9.89
1010,9.9
1009,9.9
1010.1,9.91
1011.5,9.91
1012.8,9.92
1013.2,9.92
1014,9.92
1013.9,9.91
1013.8,9.91
1013.5,9.9
1012.7,9.91
1011.6,9.91
1011.4,9.92
1011.2,9.93
1011.6,9.93
1012.8,9.93
1013.4,9.93
1012.6,9.92
1012.1,9.91
1010.7,9.9
1010,9.9
1010.5,9.91
1010.5,9.92
1011.3,9.92
1012.2,9.93
1012.1,9.93
1013.1,9.93
1013.5,9.92
1012.4,9.91
1011.5,9.91
1011,9.91
1010.1,9.91
1009.6,9.92
1010.3,9.93
1011.6,9.93
1011.4,9.94
1011.8,9.93
1011.6,9.93
1010.2,9.92
1009,9.91
1008,9.91
1007,9.91
1007.1,9.92
1008.3,9.93
1009.1,9.93
1009.4,9.93
1010.5,9.93
1011.8,9.92
1010.7,9.91
1009.7,9.91
1008.3,9.9
1007.5,9.9
1008.1,9.91
1008.7,9.92
1010,9.93
1012.1,9.93
1013.1,9.93
1011.6,9.93
1011.2,9.92
1010.4,9.91
1009.8,9.91
1009.3,9.92
1008.1,9.92
1010,9.93
1010.5,9.93
1012,9.94
1012.6,9.94
1013,9.93
1012.8,9.92
1010.7,9.91
1008.9,9.91
1008.2,9.91
1009.5,9.91
1010.2,9.92
1011.5,9.92
1011.6,9.92
1011.5,9.91
1012.6,9.91
1010.2,9.91
1009.3,9.9
1008.2,9.89
1007.6,9.89
1006.4,9.9
1007,9.91
1009.2,9.91
1010.1,9.91
1010.4,9.91
1010.1,9.91
1010,9.9
1009.1,9.89
1008.4,9.9
1007.6,9.91
1006.4,9.91
1008,9.92
1009,9.92
1011.1,9.92
1011.3,9.92
1011.3,9.91
1010.5,9.9
1009.6,9.9
1008.9,9.9
1008.6,9.9
1008.1,9.9
1007.4,9.91
1008.3,9.92
1009.4,9.92
1012,9.91
1012.5,9.91
1011.6,9.9
1010.8,9.9
1009,9.89
1008.4,9.9
1009.5,9.91
1010.6,9.91
1011.6,9.92
1011.9,9.92
1012,9.91
1012.1,9.91
1011.5,9.91
1010.7,9.89
1010.7,9.89
1008.9,9.9
1009.6,9.9
1010.9,9.91
1012.1,9.91
1012.9,9.92
1014.1,9.92
1013.6,9.92
1012.4,9.91
1011.5,9.9
1010.8,9.9
1010.1,9.9
1010.3,9.91
1012.4,9.92
1013,9.93
1013.7,9.93
1014.2,9.92
1013.1,9.91
1011.6,9.91
1010.2,9.91
1008.4,9.91
1006.9,9.91
1007.3,9.92
1008.3,9.92
1008.6,9.93
1010.2,9.93
1011.5,9.93
1012.1,9.92
1010.3,9.91
1009.4,9.9
1007.9,9.9
1007.1,9.9
1007.3,9.91
1008.1,9.91
1009.2,9.91
1011.1,9.91
1012.3,9.91
1012,9.9
1010.9,9.89
1011,9.89
1010.2,9.89
1009.5,9.9
1008.9,9.9
1009.5,9.91
1010.6,9.92
1011.9,9.93
1013,9.93
1013.4,9.92
1012.8,9.92
1012.3,9.91
1011.7,9.91
1010.6,9.92
1010.4,9.92
1011.5,9.92
1012.2,9.93
1012.8,9.92
1013.8,9.91
1013.7,9.9
1013.6,9.89
1012.4,9.88
1010.9,9.88
1009.8,9.88
1010.2,9.89
1012.3,9.9
1011.7,9.91
1012.9,9.91
1014.1,9.91
1014.7,9.9
1014.2,9.89
1012.9,9.89
1012.1,9.89
1010.7,9.9
1010.8,9.91
1010.9,9.91
1012,9.92
1013.1,9.92
1012.6,9.92
1011.9,9.91
1010.3,9.91
1010.2,9.9
1008.3,9.9
1006.4,9.9
1005.4,9.91
1006.3,9.92
1007.8,9.93
1008.7,9.93
1009.9,9.92
1011.2,9.91
1011.4,9.91
1010.1,9.91
1009.4,9.9
1009.6,9.91
1010.1,9.91
1010.5,9.91
1011.2,9.92
1012.1,9.92
1013.3,9.92
1014.3,9.91
1013,9.9
1011.1,9.89
1010.3,9.89
1008.2,9.9
1007,9.91
1006.8,9.92
1008.8,9.93
1009.7,9.93
1011.2,9.93
1011.3,9.92
1011.1,9.92
1010.7,9.91
1009.6,9.9
1009.4,9.91
1009.5,9.92
1010.5,9.92
1011.6,9.93
1012.2,9.94
1014.1,9.93
1013.8,9.92
1013.4,9.91
1011.7,9.9
1011.1,9.9
1010.4,9.9
1010,9.91
1010.8,9.92
1011.2,9.93
1013.6,9.93
1014.3,9.93
1014.3,9.92
1013.4,9.92
1012.3,9.91
1011,9.91
1009.9,9.92
1009.7,9.92
1011.5,9.93
1012.7,9.93
1012.9,9.93
1013,9.92
1013.5,9.91
1012.7,9.9
1012.4,9.89
1010.5,9.9
1009.6,9.9
1009.3,9.91
1010,9.91
1010.6,9.92
1012.7,9.92
1013,9.91
1013.7,9.9
1012.8,9.9
1011.8,9.9
1011.1,9.9
1011.1,9.91
1011.1,9.91
1011.8,9.92
1011.4,9.93
1012.8,9.92
1013.5,9.91
1012.8,9.91
1013,9.9
1013,9.89
1011.3,9.89
1011.5,9.9
1011.7,9.91
1011.4,9.91
1012.1,9.92
1013.3,9.92
1014.3,9.91
1013.6,9.9
1012.5,9.89
1012.3,9.89
1011.4,9.89
1010.2,9.9
1011.2,9.9
1011.5,9.91
1011.5,9.92
1012.2,9.92
1012.9,9.92
1012.5,9.91
1012.2,9.9
1011.3,9.89
1009.7,9.89
1008.4,9.89
1009.2,9.9
1009.8,9.91
1011.1,9.92
1010.7,9.91
1012,9.9
1012.5,9.9
1010.8,9.89
1009.8,9.89
1009.4,9.88
1007.8,9.89
1007.6,9.9
1008.3,9.91
1009,9.91
1010.3,9.92
1010.9,9.91
1010.5,9.91
1009.8,9.9
1009.2,9.89
1009.8,9.9
1009,9.91
1008.8,9.92
1010.5,9.92
1011.7,9.93
1013.1,9.93
1015.5,9.92
1016,9.91
1014.7,9.9
1013.3,9.9
1011.8,9.9
1010.8,9.91
1010.6,9.92
1012.3,9.92
1012,9.92
1013,9.92
1013.4,9.91
1012.3,9.9
1011,9.9
1010.5,9.89
1008.2,9.89
1007.1,9.9
1007.6,9.91
1008.9,9.92
1010.5,9.93
1010.5,9.92
1011.3,9.91
1012.1,9.91
1010.9,9.91
1010.6,9.91
1009.6,9.91
1009.2,9.92
1009.7,9.92
1011.6,9.93
1013.2,9.94
1014.2,9.94
1014,9.93
1013.8,9.92
1012.7,9.91
1011.4,9.91
1012.7,9.91
1012.5,9.92
1011.6,9.92
1012.3,9.93
1013,9.93
1014,9.94
1015.4,9.93
1015.6,9.92
1014.8,9.91
1013,9.9
1012,9.91
1011.4,9.91
1010.9,9.92
1011,9.93
1012.3,9.93
1011.9,9.92
1012.2,9.92
1012.5,9.91
1011.5,9.9
1011.6,9.89
1010.2,9.89
1008.5,9.89
1008.2,9.9
1008.2,9.91
1009,9.91
1010.2,9.91
1010.7,9.91
1010.8,9.91
1010.9,9.9
1009.7,9.89
1009.1,9.9
1008.2,9.91
1008,9.92
1009.1,9.92
1009.6,9.93
1010.4,9.93
1010.8,9.93
1011.4,9.92
1010.5,9.91
1010.2,9.91
1010.3,9.9
1010,9.9
1010.2,9.91
1010.9,9.92
1011.9,9.92
1013.4,9.92
1014.6,9.92
1015.4,9.91
1014,9.91
1012.6,9.91
1012,9.91
1011.3,9.91
1011.4,9.92
1012.6,9.92
1012,9.92
1011.9,9.93
1013.3,9.93
1012.5,9.92
1012.1,9.91
1011.9,9.9
1010.7,9.9
1009.7,9.9
1009.5,9.91
1010.5,9.92
1011.5,9.92
1012.9,9.92
1014.8,9.92
1014.5,9.92
1013.8,9.92
1014.3,9.91
1012.8,9.91
1010.9,9.91
1010.9,9.92
1010.8,9.93
1010.9,9.94
1010.7,9.93
1011.2,9.93
1010.7,9.92
1008.9,9.92
1008.5,9.91
1006.5,9.9
1005,9.91
1004.4,9.91
1004.5,9.92
1004.1,9.93
1005.6,9.93
1007.6,9.93
1008.6,9.93
1008.1,9.92
1007.4,9.91
1006.9,9.91
1005.9,9.91
1005.6,9.92
1007,9.93
1008.2,9.93
1009.2,9.93
1009.6,9.92
1009.8,9.91
1009.4,9.9
1008.8,9.9
1008.4,9.9
1007.1,9.9
1007.1,9.91
1007.1,9.92
1007.5,9.93
1009.1,9.94
1010.5,9.93
1011.2,9.92
1011,9.91
1009.7,9.91
1008.8,9.91
1008.4,9.91
1009,9.92
1009.9,9.93
1011.1,9.94
1012.2,9.94
1012.1,9.93
1010.6,9.92
1011.2,9.91
1011,9.9
1009.1,9.89
1008.8,9.9
1008.8,9.91
1009.3,9.91
1010,9.92
1010.3,9.92
1010.3,9.92
1009.8,9.91
1009.5,9.9
1009.2,9.89
1007.6,9.89
1007.3,9.89
1007.4,9.9
1007.6,9.91
1008.5,9.91
1009.5,9.91
1008.7,9.91
1008.6,9.9
1008,9.9
1007,9.9
1007.5,9.9
1007.5,9.9
1008.2,9.91
1008.3,9.92
1008.9,9.93
1010,9.93
1011.5,9.92
1012.8,9.92
1011.8,9.92
1010.7,9.91
1011,9.9
1011.5,9.91
1011.8,9.91
1013,9.92
1013.2,9.92
1013.4,9.92
1014.4,9.92
1013.8,9.91
1013.5,9.9
1012.3,9.9
1011.6,9.89
1009.8,9.9
1009.7,9.91
1010.6,9.91
1011.1,9.92
1011.2,9.93
1011.6,9.92
1012.4,9.91
1010.9,9.91
1009.9,9.9
1008.9,9.9
1009,9.9
1008.8,9.9
1009.1,9.91
1010.8,9.91
1011.1,9.91
1011.8,9.91
1011.9,9.9
1011.4,9.89
1011.6,9.89
1011.2,9.89
1011.4,9.9
1010.7,9.9
1011.9,9.92
1013,9.92
1014.2,9.93
1014.2,9.93
1015.2,9.93
1013.9,9.92
1012.1,9.91
1012.3,9.91
1012.3,9.92
1011.9,9.92
1012.4,9.92
1012.4,9.92
1012.9,9.92
1013,9.91
1012.4,9.91
1011.6,9.9
1011.6,9.9
1010.4,9.89
1009.5,9.9
1009.8,9.9
1010.7,9.91
1010.8,9.92
1010.7,9.93
1011.8,9.92
1011.9,9.91
1011.6,9.91
1011.1,9.91
1010.2,9.91
1009.1,9.91
1009.8,9.92
1010.1,9.92
1010.1,9.92
1010.8,9.92
1011.7,9.92
1010.6,9.91
1010.4,9.9
1010.6,9.9
1009.4,9.89
1008.6,9.91
1008.6,9.92
1008.6,9.93
1009.1,9.94
1010.2,9.94
1011.1,9.94
1010.5,9.94
1010.1,9.93
1009.6,9.93
1009.4,9.93
1007.3,9.93
1007.5,9.93
1008.1,9.94
1007.1,9.94
1008.9,9.94
1009.9,9.93
1009.9,9.93
1009.6,9.92
1009.1,9.91
1007.1,9.91
1006.1,9.91
1006.4,9.92
1006.7,9.92
1007.1,9.92
1008.8,9.92
1011.2,9.92
1010.6,9.92
1009.5,9.92
1010,9.91
1008.8,9.91
1007.1,9.91
1007.6,9.91
1008.9,9.91
1009.2,9.92
1011.3,9.92
1012.5,9.92
1012.2,9.91
1012,9.91
1011.1,9.9
1008.4,9.9
1007.4,9.91
1008.4,9.91
1008.8,9.92
1010.3,9.93
1011,9.93
1011.2,9.93
1011.7,9.92
1010.4,9.91
1010.1,9.91
1008.4,9.9
1007.9,9.9
1008.1,9.91
1008.5,9.91
1010,9.92
1011.1,9.92
1011.2,9.91
1010.5,9.91
1009.8,9.9
1009.1,9.89
1009.3,9.88
1009.4,9.89
1009.5,9.9
1010.6,9.91
1011,9.91
1012.8,9.92
1012.7,9.91
1012.7,9.91
1012.2,9.9
1011.2,9.89
1010.3,9.89
1010,9.89
1010.4,9.9
1011.8,9.9
1011.3,9.91
1011.2,9.92
1011.6,9.91
1011,9.9
1009.6,9.9
1009.8,9.89
1008.4,9.89
1008.4,9.89
1008.8,9.9
1009.7,9.91
1010.3,9.92
1011.6,9.92
1012.4,9.91
1013,9.91
1012.1,9.9
1011.3,9.89
1010.4,9.89
1010.7,9.89
1010.3,9.9
1011.5,9.91
1012,9.91
1012.4,9.91
1012.6,9.91
1012.5,9.9
1011.6,9.89
1011.3,9.88
1011.6,9.88
1010.9,9.88
1010.2,9.89
1011.3,9.9
1013.6,9.9
1014.6,9.91
1014.3,9.9
1015.3,9.89
1013.9,9.88
1012.2,9.88
1011.9,9.88
1010.9,9.88
1011.5,9.89
1012.1,9.9
1012.2,9.91
1011.8,9.92
1013.1,9.91
1012.8,9.9
1011,9.9
1010.2,9.89
1009,9.89
1008.3,9.89
1006.8,9.9
1007.7,9.91
1008.5,9.92
1010,9.92
1011.3,9.91
1010.4,9.9
1010,9.9
1009.9,9.89
1008.7,9.88
1007.7,9.89
1008.1,9.9
1009.5,9.9
1009.4,9.91
1009.9,9.9
1010.4,9.9
1011.6,9.89
1010.2,9.89
1009.5,9.88
1008,9.88
1007.4,9.89
1008.1,9.9
1008.3,9.91
1009.1,9.92
1010.7,9.92
1011.1,9.92
1011.4,9.91
1010.2,9.91
1009.5,9.9
1009.2,9.9
1009.2,9.91
1008.3,9.92
1010,9.93
1010.8,9.93
1011.3,9.93
1012.2,9.92
1011,9.91
1010.9,9.9
1009.5,9.89
1008,9.89
1007.4,9.89
1006.4,9.89
1007.5,9.9
1008.9,9.91
1009.5,9.92
1011.3,9.92
1011.6,9.91
1010.5,9.9
1010,9.89
1009.6,9.9
1008.3,9.91
1009.2,9.92
1009.4,9.92
1010.8,9.93
1012.5,9.94
1012.4,9.94
1013.3,9.94
1013,9.93
1011.3,9.92
1010.4,9.92
1009,9.91
1009,9.91
1009.7,9.92
1010.7,9.93
1011.3,9.93
1011.6,9.93
1011.3,9.92
1010.6,9.92
1008.7,9.91
1006.6,9.91
1005.8,9.91
1005.3,9.92
1006.1,9.93
1008.4,9.93
1009.1,9.93
1009,9.93
1009.5,9.93
1008.9,9.92
1008.1,9.91
1007.6,9.9
1007.6,9.91
1007.1,9.91
1007.2,9.92
1007.9,9.92
1009.7,9.92
1011.9,9.92
1012.5,9.91
1011.8,9.9
1010.3,9.9
1009.5,9.9
1009.5,9.9
1008.6,9.9
1009.9,9.91
1010.5,9.92
1011.5,9.92
1012.3,9.91
1012.8,9.91
1012.2,9.9
1013,9.89
1012.1,9.89
1011,9.89
1010.8,9.9
1012.5,9.91
1012.9,9.92
1014,9.92
1014.9,9.91
1015.2,9.91
1014.4,9.9
1012.8,9.89
1011.5,9.89
1011.4,9.89
1011.3,9.9
1011.5,9.91
1011.6,9.91
1012,9.92
1011.6,9.91
1011.4,9.91
1009.1,9.9
1008.2,9.9
1006.6,9.9
1005.1,9.9
1005.1,9.91
1005.7,9.92
1007.5,9.93
1008.4,9.94
1008.7,9.93
1009,9.92
1008.7,9.92
1007.8,9.92
1007.3,9.91
1007.2,9.91
1007.5,9.91
1008.8,9.91
1009.8,9.91
1011.3,9.91
1012.2,9.91
1013,9.9
1011.8,9.89
1010.9,9.88
1009.6,9.88
1009.2,9.88
1009.7,9.89
1010.6,9.89
1010.9,9.9
1011.8,9.91
1012.4,9.91
1012,9.91
1011.1,9.9
1010.2,9.9
1009.1,9.9
1009.6,9.91
1009.5,9.91
1009.8,9.92
1010.6,9.92
1011.6,9.92
1010.8,9.92
1010.7,9.91
1009.7,9.91
1009.2,9.9
1008.7,9.9
1008.4,9.9
1008.5,9.91
1008.4,9.91
1009.9,9.92
1011.1,9.92
1011.2,9.91
1011.1,9.91
1011.7,9.91
1010.2,9.9
1008.6,9.9
1009.9,9.91
1009.3,9.91
1010.4,9.92
1011,9.92
1011.6,9.92
1012.8,9.92
1012.3,9.91
1013.2,9.9
1011.3,9.9
1011.2,9.9
1010.6,9.9
1010.7,9.91
1010.5,9.92
1010.7,9.93
1012.6,9.93
1012.7,9.93
1013.2,9.92
1012.5,9.92
1012.6,9.91
1011.8,9.91
1010.8,9.92
1011.9,9.92
1012,9.93
1013.5,9.94
1012.9,9.94
1013.7,9.94
1012.7,9.93
1012.5,9.93
1012.3,9.92
1011.8,9.91
1011.7,9.92
1011.8,9.92
1012.8,9.93
1013,9.93
1013.3,9.93
1014,9.93
1013.6,9.92
1012.9,9.91
1011.3,9.91
1010.7,9.9
1009.6,9.91
1010.2,9.91
1010.8,9.91
1012.2,9.91
1012.3,9.91
1011.9,9.91
1011.8,9.9
1011.1,9.9
1010.4,9.89
1010.4,9.9
1010,9.9
1009.9,9.9
1010.6,9.91
1011.5,9.92
1012.1,9.92
1013.1,9.92
1013.4,9.91
1012.6,9.9
1011.2,9.89
1011.6,9.89
1010.8,9.89
1011.1,9.9
1011.3,9.91
1011.4,9.92
1011.3,9.92
1011.5,9.92
1011.1,9.91
1009.8,9.91
1009.9,9.9
1009.8,9.89
1008.7,9.9
1008.8,9.91
1008.9,9.92
1010.2,9.92
1009.5,9.93
1010.8,9.93
1010.7,9.92
1010,9.92
1009.4,9.91
1009.3,9.91
1009.1,9.91
1009.9,9.91
1010.5,9.92
1010.1,9.93
1010.5,9.93
1011.2,9.93
1010.8,9.92
1010.5,9.92
1009,9.91
1008.1,9.91
1007.1,9.91
1007.1,9.92
1006.8,9.93
1008.6,9.94
1008.7,9.94
1009.2,9.94
1008.2,9.93
1007.6,9.93
1006.6,9.92
1006.5,9.91
1006.9,9.92
1006.5,9.92
1006.8,9.93
1007.1,9.93
1008.5,9.93
1009.6,9.92
1009.6,9.9
1010,9.89
1008.6,9.88
1008.2,9.88
1007.6,9.88
1008.7,9.89
1009.7,9.9
1010.5,9.9
1011.5,9.91
1011.9,9.91
1012.7,9.91
1012.4,9.9
1012.3,9.89
1011.2,9.9
1010.7,9.91
1010.5,9.92
1010.1,9.92
1010.1,9.93
1010.9,9.93
1011.7,9.93
1011.1,9.92
1009.8,9.91
1009.7,9.9
1007.9,9.89
1007,9.89
1006,9.9
1006.5,9.91
1007.6,9.92
1009,9.92
1009,9.91
1008.4,9.9
1009.4,9.9
1008.7,9.89
1007.4,9.88
1006.9,9.89
1006.8,9.9
1008.1,9.91
1008.3,9.92
1009,9.92
1009.6,9.92
1009.4,9.91
1008.4,9.9
1007.1,9.9
1007,9.9
1006.1,9.9
1007.2,9.91
1007.1,9.92
1009,9.93
1010.2,9.94
1010.5,9.93
1010.9,9.92
1009.9,9.91
1009.8,9.9
1009.2,9.9
1008.5,9.9
1009.7,9.91
1012.2,9.92
1013.4,9.93
1013.7,9.93
1014.9,9.92
1014.8,9.92
1014.4,9.91
1012.9,9.9
1012.4,9.89
1011.5,9.9
1012.3,9.91
1012.5,9.92
1013.4,9.93
1014.6,9.93
1014.6,9.92
1014.8,9.91
1013.6,9.9
1012.5,9.9
1011.2,9.9
1010.8,9.9
1010.1,9.91
1009.7,9.92
1010.7,9.93
1011.3,9.93
1011.4,9.93
1010.2,9.92
1010,9.91
1008.8,9.9
1008.3,9.9
1008.2,9.91
1008.2,9.92
1007.8,9.93
1009.3,9.93
1010.5,9.94
1011.5,9.93
1011.6,9.92
1012,9.91
1010.5,9.9
1010.6,9.9
1010.2,9.91
1010.3,9.91
1011,9.92
1011.3,9.93
1012.2,9.93
1012.6,9.92
1012.1,9.91
1011.6,9.9
1010.8,9.9
1010.2,9.9
1008.1,9.9
1008.8,9.92
1009.1,9.93
1011.4,9.94
1012,9.94
1013.2,9.93
1013.3,9.93
1012.8,9.92
1012.7,9.92
1011.4,9.92
1011.8,9.92
1012.3,9.93
1012.6,9.93
1013,9.94
1013.1,9.94
1013.7,9.93
1014.1,9.92
1014.2,9.92
1012.6,9.91
1011.1,9.91
1010.8,9.91
1010.9,9.91
1011.4,9.92
1012.7,9.93
1013.7,9.93
1013.1,9.92
1012.9,9.91
1012.7,9.9
1012.2,9.9
1012.1,9.9
1011.4,9.9
1011.1,9.91
1010.9,9.92
1011.5,9.93
1011.5,9.93
1011.4,9.93
1011.3,9.92
1010.5,9.91
1009.5,9.9
1008.9,9.91
1008.4,9.91
1008.6,9.92
1009.8,9.93
1010.3,9.94
1011.1,9.94
1012.7,9.94
1012.8,9.93
1012.9,9.92
1012.1,9.91
1012.6,9.9
1012.6,9.91
1012,9.92
1012.2,9.93
1012.9,9.93
1013.7,9.93
1014.7,9.93
1014.5,9.92
1013.6,9.91
1012.5,9.91
1011.9,9.9
1011.2,9.91
1010.4,9.91
1010.1,9.92
1011.5,9.93
1012.4,9.93
1012.9,9.93
1014.5,9.93
1014.9,9.92
1014,9.92
1013,9.91
1012.4,9.91
1012.7,9.92
1011.9,9.93
1011.9,9.93
1012.7,9.93
1013,9.93
1013.1,9.93
1013.4,9.92
1012,9.91
1011.7,9.9
1010.1,9.9
1009.3,9.91
1009.5,9.91
1009.8,9.91
1010.6,9.92
1011.6,9.92
1011.8,9.91
1012.6,9.9
1012.1,9.9
1010.6,9.9
1009.7,9.9
1009.8,9.91
1010.1,9.91
1010.6,9.92
1010.4,9.92
1011.6,9.92
1011.8,9.91
1011.5,9.91
1011.3,9.9
1010.2,9.91
1008.8,9.91
1008.3,9.91
1008.5,9.92
1009.5,9.93
1010.2,9.94
1011.8,9.93
1010.8,9.92
1010.2,9.91
1009.2,9.91
1007.8,9.91
1006.4,9.91
1006.2,9.91
1006.4,9.91
1006.5,9.92
1007.4,9.92
1007.7,9.92
1009,9.91
1007.8,9.9
1007.2,9.89
1007,9.89
1006,9.89
1007.1,9.9
1007.6,9.91
1008.7,9.92
1009.6,9.92
1011.5,9.92
1011.6,9.91
1010.5,9.91
1010.1,9.9
1010.2,9.9
1009.8,9.91
1008.4,9.91
1010,9.92
1010.8,9.93
1011.2,9.93
1012.4,9.92
1011.6,9.91
1011.5,9.9
1011.4,9.89
1010.9,9.9
1010.6,9.91
1011.3,9.92
1011.5,9.93
1012,9.94
1013.1,9.93
1014.6,9.93
1014.6,9.93
1013.9,9.92
1013.1,9.92
1013.2,9.92
1012.4,9.92
1013.5,9.94
1014,9.94
1014.3,9.95
1015.3,9.95
1015.4,9.95
1014.9,9.94
1015.7,9.92
1015.6,9.91
1014.3,9.91
1013,9.92
1013.6,9.92
1014,9.93
1014.8,9.94
1015.9,9.94
1015.9,9.94
1015.2,9.93
1013.7,9.92
1013,9.91
1012.4,9.91
1011.1,9.91
1010.6,9.91
1011.4,9.93
1011.6,9.94
1012,9.94
1012.5,9.93
1012.1,9.92
1011.6,9.91
1010.2,9.9
1008.9,9.9
1007.9,9.9
1009,9.91
1010.2,9.92
1011.5,9.92
1011.9,9.92
1013,9.91
1013.5,9.91
1012.4,9.9
1011.4,9.89
1010.6,9.89
1011.6,9.9
1012.1,9.9
1012.9,9.9
1013.8,9.91
1013.8,9.91
1014.8,9.91
1013.6,9.9
1012.2,9.89
1011.5,9.88
1011.4,9.89
1011.2,9.9
1011.3,9.91
1011.6,9.92
1012.5,9.92
1013,9.92
1012.9,9.92
1012.6,9.92
1011.6,9.91
1011.1,9.91
1010.1,9.9
1010,9.91
1010.2,9.91
1011.1,9.92
1011.1,9.92
1011.2,9.92
1011.2,9.91
1010.6,9.9
1010.1,9.89
1009.2,9.88
1008.4,9.88
1007,9.88
1007,9.89
1007,9.9
1008,9.91
1009.3,9.92
1010.1,9.92
1010.2,9.91
1009.3,9.91
1008.7,9.9
1008.8,9.9
1008.7,9.91
1009,9.91
1010,9.92
1010.9,9.93
1011.4,9.93
1012.6,9.93
1011.6,9.92
1012.4,9.91
1011.1,9.9
1010.5,9.9
1010,9.9
1010.5,9.91
1011.7,9.92
1012.5,9.93
1013.8,9.93
1014.4,9.93
1013.9,9.93
1012.8,9.92
1012,9.92
1011.1,9.91
1010.4,9.91
1011.4,9.92
1011.2,9.92
1012.2,9.92
1012.6,9.92
1012.3,9.92
1011.6,9.91
1010.3,9.91
1009,9.9
1007.4,9.9
1006.6,9.9
1006.6,9.91
1007.3,9.91
1008.1,9.92
1009.5,9.93
1010.3,9.93
1010.3,9.93
1009,9.93
1008.9,9.93
1009.1,9.93
1008.9,9.93
1009.6,9.93
1010.8,9.94
1011.6,9.95
1011.6,9.95
1012.1,9.94
1012.1,9.93
1012.2,9.92
1012.4,9.9
1011.5,9.9
1010.5,9.9
1010.8,9.91
1012,9.92
1012.2,9.93
1013,9.93
1014.3,9.93
1013.1,9.92
1012.6,9.91
1012,9.9
1011.5,9.9
1011.4,9.91
1011.9,9.92
1011.8,9.93
1011.3,9.94
1012.2,9.94
1012.7,9.93
1011.6,9.93
1011.2,9.92
1010,9.91
1008.8,9.91
1007.9,9.91
1008.4,9.92
1009,9.93
1010.2,9.94
1011.3,9.95
1011.9,9.94
1012.2,9.94
1011.6,9.93
1011.1,9.92
1011,9.92
1010.4,9.92
1011.2,9.93
1011.6,9.93
1012.5,9.94
1012.8,9.94
1012.7,9.93
1013.3,9.92
1012,9.91
1011.8,9.9
1010.5,9.89
1008.8,9.9
1008.4,9.91
1009.8,9.92
1010.4,9.92
1010.9,9.93
1012,9.93
1012.1,9.92
1011.9,9.92
1011.7,9.91
1011.5,9.9
1011.3,9.9
1010.7,9.91
1011.2,9.92
1010.7,9.93
1012.1,9.93
1013.3,9.93
1012.4,9.92
1010.7,9.91
1009.8,9.9
1008.5,9.9
1007.5,9.9
1006.9,9.91
1007.3,9.92
1008.1,9.93
1009.2,9.93
1009.6,9.93
1009.6,9.93
1009.8,9.92
1009.5,9.91
1009.7,9.91
1009.3,9.91
1009.7,9.91
1010.9,9.92
1011.8,9.92
1012.9,9.91
1014.2,9.91
1014.5,9.9
1013.7,9.89
1013,9.88
1012.1,9.88
1012.1,9.88
1012.8,9.89
1012.8,9.89
1013.7,9.9
1013.5,9.91
1014.6,9.91
1015.3,9.91
1014.2,9.91
1013.6,9.9
1012.8,9.9
1011.9,9.91
1012.1,9.91
1012.9,9.92
1013.1,9.92
1013.5,9.93
1013.4,9.93
1012.1,9.92
1012,9.91
1011.3,9.91
1011.2,9.9
1010,9.9
1010.5,9.91
1011.7,9.91
1012.6,9.92
1013.7,9.93
1013.8,9.93
1012.7,9.92
1012.3,9.91
1012.2,9.91
1011,9.9
1010.5,9.91
1011.4,9.92
1011.1,9.93
1011.6,9.93
1011.5,9.93
1012,9.93
1011.3,9.92
1009.8,9.91
1008.7,9.9
1007.9,9.9
1007,9.91
1007.9,9.92
1008.5,9.92
1009.2,9.93
1010.2,9.94
1011.3,9.93
1010.4,9.92
1010.2,9.91
1009.3,9.91
1009.4,9.9
1008.8,9.9
1008.9,9.91
1010.5,9.92
1011.3,9.92
1011.6,9.92
1012.2,9.91
1011.6,9.9
1011,9.9
1010.5,9.89
1009.1,9.89
1008.6,9.89
1009.2,9.9
1009.9,9.91
1010.9,9.91
1011.6,9.92
1012.9,9.92
1012,9.92
1011.1,9.91
1011.1,9.9
1010.8,9.9
1010.9,9.91
1011.2,9.92
1010.5,9.92
1010.5,9.92
1012,9.93
1012.1,9.93
1012.8,9.92
1013,9.91
1012.6,9.91
1011.1,9.91
1009.9,9.92
1010.2,9.93
1010.4,9.94
1011,9.95
1012.1,9.95
1012.7,9.95
1012.8,9.94
1012.9,9.93
1012.9,9.92
1013,9.92
1012.5,9.92
1012.3,9.92
1012.7,9.93
1013,9.93
1014,9.93
1015.6,9.92
1015.9,9.91
1015.8,9.9
1014.9,9.89
1013.4,9.89
1011.8,9.89
1012,9.9
1012.8,9.91
1013.4,9.92
1012.9,9.93
1013.2,9.92
1012.4,9.91
1011.9,9.9
1011.8,9.9
1011.1,9.9
1009.8,9.9
1009.1,9.91
1009,9.92
1009.9,9.93
1010.5,9.93
1012.4,9.92
1012.7,9.91
1012.1,9.9
1011.3,9.9
1011.1,9.89
1011.3,9.9
1012.3,9.91
1012,9.92
1012.4,9.92
1013.5,9.92
1014.5,9.92
1015,9.91
1014.8,9.9
1013.3,9.9
1013.5,9.89
1013.2,9.9
1012.8,9.91
1013.4,9.92
1013.6,9.93
1014.1,9.93
1014.1,9.93
1014.1,9.92
1014.1,9.91
1013.4,9.9
1012.4,9.89
1011.6,9.9
1011.9,9.91
1013.4,9.92
1015,9.93
1014.7,9.93
1015,9.93
1015.5,9.92
1015.7,9.91
1015,9.9
1015.1,9.9
1014.5,9.9
1013.9,9.91
1014,9.93
1015.2,9.94
1015.5,9.94
1016,9.94
1015.9,9.93
1015.1,9.92
1014.5,9.91
1013.7,9.9
1011.6,9.91
1011.9,9.92
1011.4,9.93
1012.2,9.94
1013,9.94
1013.7,9.93
1013.4,9.93
1013.1,9.92
1012.6,9.91
1011.6,9.91
1011.4,9.92
1011.8,9.92
1011.1,9.93
1011.3,9.94
1012.4,9.94
1013.7,9.94
1013.4,9.93
1012.9,9.92
1011.8,9.91
1010.4,9.91
1009.9,9.91
1009.9,9.92
1010.6,9.93
1010.7,9.94
1012.7,9.94
1012.7,9.93
1012.7,9.93
1012.4,9.92
1011.5,9.92
1010.7,9.92
1010.4,9.93
1009.7,9.94
1010.2,9.95
1011.4,9.95
1012,9.95
1012.6,9.94
1012.5,9.92
1012,9.91
1011.5,9.9
1010.4,9.9
1010.5,9.9
1010.4,9.91
1010.3,9.92
1011.6,9.92
1012.9,9.92
1013.3,9.92
1013,9.91
1012.4,9.9
1011.5,9.9
1011.2,9.9
1010.4,9.91
1010.4,9.92
1010.5,9.92
1010.6,9.93
1010.7,9.94
1011.4,9.93
1010.6,9.92
1010.8,9.91
1010.4,9.9
1009,9.9
1008.6,9.9
1009.3,9.9
1009.7,9.91
1010.7,9.91
1011.6,9.92
1012.1,9.91
1011.8,9.91
1010.4,9.9
1009.4,9.9
1008.6,9.9
1007.6,9.91
1008,9.91
1008.5,9.92
1008.2,9.93
1008.4,9.93
1009,9.93
1008.9,9.92
1009.3,9.91
1008.1,9.91
1007.6,9.9
1007.5,9.91
1008.6,9.92
1010.4,9.93
1011.8,9.94
1013.5,9.94
1014.1,9.93
1013.9,9.93
1013.1,9.92
1013.3,9.92
1013.3,9.91
1012.4,9.91
1012.1,9.92
1012.1,9.93
1012.8,9.93
1013.3,9.94
1014.2,9.93
1013.2,9.92
1012.5,9.91
1012.1,9.9
1010.2,9.9
1009.4,9.9
1009.4,9.91
1010.4,9.92
1011,9.93
1012.1,9.93
1013.6,9.93
1013.7,9.92
1013.9,9.91
1013.5,9.91
1012.9,9.9
1011.9,9.91
1011.5,9.92
1011.5,9.92
1011.8,9.92
1013.7,9.92
1014.6,9.92
1014.9,9.91
1013.8,9.9
1012.4,9.89
1011.4,9.89
1010.5,9.89
1010.4,9.9
1011,9.91
1011.6,9.92
1012,9.92
1012.6,9.91
1013.5,9.9
1013.6,9.89
1012.9,9.89
1011.7,9.9
1010.5,9.9
1010.3,9.91
1010.8,9.92
1012.6,9.92
1013.5,9.93
1013.4,9.92
1013.2,9.92
1011.8,9.91
1011.9,9.91
1011,9.91
1010.5,9.92
1011.1,9.93
1011.6,9.94
1012.5,9.95
1012.1,9.94
1013.7,9.94
1013.8,9.93
1014.2,9.93
1012.6,9.92
1011.5,9.92
1011.7,9.92
1012,9.92
1012.6,9.93
1012,9.93
1012.2,9.93
1012.7,9.92
1012,9.92
1010.9,9.91
1010.4,9.9
1010.7,9.9
1009.4,9.9
1009.5,9.91
1010.2,9.92
1011.7,9.92
1012.8,9.93
1012.9,9.93
1012.2,9.92
1012.2,9.92
1011.4,9.92
1011.5,9.92
1011.3,9.92
1011.4,9.92
1012.1,9.93
1012.6,9.93
1012.6,9.94
1013.1,9.94
1012.9,9.93
1011.6,9.92
1010.9,9.91
1010.2,9.91
1009.6,9.91
1010.4,9.91
1010.5,9.92
1012.4,9.93
1013.1,9.93
1013.4,9.93
1012,9.92
1011.2,9.91
1010.2,9.91
1010.8,9.91
1010.5,9.91
1010.4,9.91
1010.5,9.92
1010.2,9.93
1010.3,9.93
1010.2,9.93
1009.7,9.92
1009.4,9.91
1008.6,9.9
1007.5,9.9
1006.7,9.9
1008.7,9.91
1009.8,9.92
1011.4,9.93
1011.9,9.93
1012.3,9.93
1012.2,9.92
1012,9.91
1011.3,9.9
1012.1,9.9
1012.3,9.9
1012,9.91
1012.4,9.92
1014,9.93
1014,9.93
1014.1,9.93
1013.3,9.92
1012.7,9.91
1011.2,9.9
1010.8,9.9
1010.6,9.91
1011.2,9.92
1012.5,9.92
1014.8,9.93
1014.9,9.94
1014.8,9.93
1015,9.92
1013.9,9.92
1012.1,9.91
1013.5,9.9
1013.4,9.91
1014.2,9.92
1014.6,9.92
1015.2,9.93
1015.4,9.93
1015.2,9.93
1015,9.92
1014,9.91
1013.1,9.91
1012.4,9.91
1012,9.91
1011.9,9.92
1012.8,9.93
1013.1,9.93
1012.6,9.94
1013.6,9.94
1012,9.93
1011.1,9.92
1010.1,9.91
1009.6,9.91
1009.9,9.91
1009.6,9.92
1009.9,9.93
1009.4,9.93
1009,9.93
1009.1,9.92
1009.6,9.91
1009.6,9.9
1008.9,9.89
1008.7,9.89
1007.5,9.89
1009,9.9
1009.5,9.91
1011.1,9.92
1011,9.93
1011.3,9.93
1011.6,9.92
1011,9.91
1010.8,9.9
1011.3,9.9
1011,9.9
1011.1,9.91
1011.3,9.91
1011.1,9.92
1011.2,9.93
1012.3,9.93
1010.8,9.92
1010.5,9.91
1009.7,9.9
1008.7,9.89
1008.3,9.89
1009.2,9.9
1010.2,9.91
1010.7,9.93
1010.5,9.93
1011.1,9.93
1010.6,9.93
1010.2,9.93
1010.9,9.92
1010.4,9.91
1010,9.91
1011.4,9.91
1011.8,9.92
1011.1,9.93
1012.5,9.94
1011.3,9.93
1010.2,9.92
1009.3,9.92
1008.5,9.9
1008,9.9
1008.1,9.9
1008.3,9.91
1009.5,9.92
1010.6,9.92
1011.9,9.93
1011.2,9.93
1010.3,9.92
1009.6,9.91
1009.5,9.91
1009.6,9.9
1011,9.9
1010.2,9.91
1010,9.92
1010.9,9.92
1010.7,9.93
1010.8,9.92
1010.7,9.91
1009.7,9.9
1009.2,9.89
1007.8,9.88
1008.4,9.88
1008.8,9.89
1010,9.9
1011.9,9.91
1012,9.92
1012,9.92
1012.7,9.92
1012.9,9.91
1011.3,9.91
1012,9.9
1011.9,9.9
1012.5,9.91
1012.6,9.92
1011.7,9.93
1012.2,9.94
1011.6,9.94
1010.1,9.93
1009.5,9.93
1008.7,9.91
1008.6,9.91
1008.3,9.91
1009,9.92
1009.9,9.93
1012.2,9.93
1012.6,9.94
1012.4,9.94
1011.8,9.93
1011.8,9.92
1011.9,9.91
1011.3,9.91
1011.7,9.91
1012.8,9.91
1013.1,9.92
1013,9.92
1012.4,9.92
1012.3,9.91
1011.1,9.9
1010.2,9.9
1008.5,9.89
1008.1,9.88
1008,9.88
1008.7,9.89
1009.1,9.9
1009.8,9.92
1010.7,9.92
1010.9,9.93
1010.5,9.92
1010.1,9.9
1010,9.9
1010.5,9.9
1009.6,9.91
1010.6,9.92
1010.5,9.92
1010.7,9.93
1011.2,9.93
1012,9.93
1010.3,9.92
1009.7,9.91
1010,9.91
1009.1,9.89
1008.8,9.89
1010.4,9.89
1011.1,9.91
1010.9,9.91
1010.8,9.91
1012.8,9.91
1011.7,9.91
1011.5,9.9
1010.9,9.89
1010.5,9.89
1009.4,9.89
1009.9,9.9
1009.8,9.91
1010.5,9.92
1012,9.92
1012.3,9.92
1010.8,9.92
1009.6,9.91
1009,9.9
1008.1,9.9
1007.3,9.9
1008.1,9.91
1008.7,9.92
1010.2,9.93
1011.2,9.93
1011.9,9.92
1012.9,9.91
1013,9.9
1011.2,9.9
1010,9.9
1009.6,9.9
1010.2,9.9
1011.5,9.91
1012.8,9.92
1013.6,9.92
1014.7,9.91
1013.4,9.91
1012.8,9.9
1012.2,9.89
1010.7,9.89
1009.8,9.9
1010.2,9.91
1011,9.92
1011.7,9.93
1012.6,9.93
1012.8,9.93
1012.4,9.93
1011.6,9.93
1010.6,9.92
1010,9.91
1008.8,9.92
1011,9.93
1011.8,9.93
1012.1,9.94
1013,9.94
1013.4,9.93
1012.9,9.93
1011.2,9.92
1011.2,9.91
1010.2,9.91
1010.4,9.91
1010.6,9.92
1011.3,9.92
1013.3,9.93
1013.9,9.94
1013.1,9.93
1012.3,9.92
1011.8,9.91
1011,9.9
1010.9,9.9
1010.5,9.9
1009.9,9.91
1011.3,9.91
1012.3,9.92
1013,9.92
1013.2,9.91
1013,9.91
1012.1,9.9
1010.5,9.89
1010.2,9.88
1010.2,9.89
1010.5,9.9
1011.4,9.91
1012,9.93
1012.4,9.93
1013.2,9.93
1013,9.93
1012.8,9.92
1011.7,9.91
1011,9.92
1010,9.92
1010.3,9.93
1010.8,9.94
1011.3,9.95
1012,9.95
1012.2,9.95
1011.5,9.94
1010.7,9.93
1010.5,9.92
1009,9.91
1008.9,9.92
1010,9.92
1010.2,9.93
1011.4,9.93
1012,9.93
1012,9.93
1011,9.92
1009.9,9.91
1009.1,9.9
1009,9.9
1009.1,9.9
1009.1,9.91
1010,9.91
1010.7,9.92
1011.5,9.92
1011.4,9.91
1010.9,9.91
1009.8,9.9
1008.4,9.89
1007.9,9.89
1007.6,9.9
1009.4,9.91
1010.7,9.92
1011.5,9.92
1011.9,9.93
1012.3,9.93
1012.1,9.92
1011.3,9.92
1010.1,9.91
1010.3,9.91
1010,9.92
1009.4,9.93
1010.8,9.93
1011.5,9.94
1012.4,9.94
1013.4,9.94
1011.4,9.93
1010.4,9.92
1010.6,9.91
1009.3,9.9
1009,9.9
1010.5,9.91
1011.5,9.92
1012.2,9.92
1013,9.93
1013.8,9.93
1013.9,9.92
1013.7,9.91
1014,9.9
1013.5,9.9
1014,9.91
1015.3,9.92
1016,9.93
1015.8,9.94
1016.5,9.94
1015.6,9.94
1014.1,9.93
1013.1,9.93
1012.8,9.92
1012.4,9.92
1011.1,9.92
1011.8,9.93
1011.8,9.94
1012,9.95
1012.2,9.95
1011.9,9.95
1011.6,9.94
1011.4,9.93
1011.1,9.92
1011.4,9.92
1011.5,9.92
1012,9.93
1012.7,9.93
1012.8,9.94
1012.7,9.94
1013,9.94
1012,9.93
1011.7,9.92
1010.7,9.91
1010,9.9
1009.2,9.91
1009.1,9.91
1010.1,9.92
1010.9,9.93
1010.5,9.93
1011.3,9.93
1011.5,9.92
1010.2,9.91
1010.3,9.9
1009.5,9.9
1010,9.9
1011.4,9.91
1011.9,9.92
1014,9.93
1014.8,9.93
1015.6,9.93
1014.7,9.92
1013.7,9.91
1012.4,9.91
1012.1,9.9
1011.6,9.91
1011.6,9.92
1012.5,9.93
1013.1,9.93
1014.4,9.94
1013.6,9.93
1012.9,9.93
1011.8,9.92
1008.8,9.91
1009.2,9.91
1010,9.91
1010.8,9.91
1011.2,9.92
1012.1,9.93
1012,9.93
1012.5,9.92
1011.3,9.92
1009.8,9.91
1009.1,9.9
1008.1,9.9
1008.2,9.9
1008.9,9.91
1009.9,9.92
1010.8,9.93
1011.9,9.94
1010.6,9.94
1009.6,9.93
1009.1,9.93
1009.4,9.92
1009.5,9.92
1009.6,9.91
1010.5,9.92
1012.3,9.93
1012.3,9.93
1012.8,9.94
1013.8,9.93
1012.5,9.92
1011.5,9.91
1012.4,9.9
1009.7,9.9
1009.6,9.9
1011.3,9.91
1012,9.92
1012.3,9.92
1012.9,9.92
1012.4,9.93
1012.1,9.92
1011,9.92
1011.2,9.91
1011,9.91
1010.2,9.92
1011.3,9.92
1012.3,9.93
1012.7,9.94
1013.8,9.95
1014,9.94
1013.5,9.93
1012.9,9.92
1011.4,9.91
1010.8,9.91
1012,9.91
1012.5,9.92
1014.2,9.92
1014.4,9.93
1013.9,9.93
1014.6,9.92
1013.7,9.92
1012.8,9.91
1012.3,9.89
1012.5,9.89
1012.2,9.9
1011.6,9.9
1013.1,9.91
1013.7,9.92
1014.5,9.92
1013.5,9.92
1013,9.91
1011.2,9.9
1010.8,9.89
1010.8,9.89
1010.1,9.89
1010.6,9.9
1011.6,9.91
1011.9,9.92
1011.6,9.92
1010.3,9.92
1010.2,9.91
1008.3,9.9
1008.7,9.9
1007.7,9.89
1007.9,9.89
1008.1,9.9
1009.3,9.91
1010.2,9.92
1010.3,9.93
1010.8,9.93
1010.1,9.92
1009.7,9.92
1008.8,9.91
1008.2,9.9
1010.4,9.9
1011.6,9.91
1013.2,9.92
1013.9,9.93
1014.9,9.93
1014.6,9.93
1015,9.92
1014.1,9.92
1013.2,9.91
1013.5,9.9
1012.7,9.91
1013.5,9.92
1013.5,9.93
1013.7,9.94
1014.3,9.94
1014.2,9.94
1013.2,9.93
1012.2,9.92
1011.5,9.92
1010.7,9.92
1011.5,9.92
1012.1,9.92
1013.4,9.93
1014.9,9.94
1014.8,9.95
1015.4,9.95
1015,9.93
1013.8,9.92
1013.8,9.91
1013.5,9.91
1013.4,9.91
1013.9,9.92
1014.8,9.93
1014.7,9.93
1015.6,9.92
1015.1,9.92
1014.2,9.91
1013.1,9.9
1012.1,9.89
1012.1,9.88
1013,9.88
1014.3,9.89
1015.6,9.9
1016.6,9.91
1016.4,9.91
1016.3,9.91
1016,9.9
1015.2,9.89
1014.2,9.89
1012.8,9.89
1012.9,9.88
1013.1,9.89
1013.9,9.9
1014.9,9.91
1014.9,9.92
1013.6,9.91
1012,9.91
1011.5,9.9
1010.7,9.89
1010.4,9.89
1009.5,9.89
1009.9,9.9
1010.5,9.91
1012,9.92
1012.7,9.92
1013.3,9.92
1013.1,9.92
1012.4,9.91
1011.2,9.9
1011.5,9.89
1011.3,9.89
1012.1,9.9
1012.7,9.91
1012.6,9.91
1013.5,9.91
1013.9,9.91
1012.9,9.9
1012.8,9.89
1012.4,9.88
1011.5,9.88
1010.6,9.88
1010.8,9.89
1011.3,9.9
1012.5,9.91
1012,9.92
1012.2,9.92
1012.8,9.91
1011.9,9.9
1011.3,9.9
1011.1,9.9
1011.6,9.9
1012.8,9.91
1012.4,9.91
1013,9.92
1014.4,9.92
1015,9.92
1014.5,9.92
1014.1,9.91
1012.7,9.89
1012.8,9.89
1013.2,9.89
1013.3,9.9
1014.5,9.91
1015.4,9.92
1015.3,9.93
1014.8,9.93
1014.2,9.92
1013.9,9.92
1013.4,9.91
1013,9.91
1011.6,9.91
1012.3,9.92
1012.9,9.92
1013.1,9.93
1014,9.94
1013.5,9.93
1011.4,9.93
1010.6,9.92
1010.2,9.91
1009.7,9.91
1010,9.91
1010.2,9.91
1011.4,9.92
1011.7,9.93
1012,9.94
1012.9,9.93
1012,9.92
1011.1,9.92
1010.8,9.91
1009.8,9.91
1010,9.92
1010.9,9.92
1012.3,9.93
1012.8,9.93
1013.7,9.93
1013.5,9.93
1012.9,9.93
1012.1,9.91
1011.6,9.9
1010.2,9.89
1009.5,9.9
1011.1,9.9
1012.1,9.92
1012.5,9.92
1013.6,9.92
1013.9,9.92
1014.2,9.91
1012.8,9.91
1012.2,9.9
1011.2,9.9
1010.2,9.9
1010.3,9.91
1011.5,9.92
1011.5,9.92
1012.7,9.93
1012.9,9.93
1011.4,9.92
1010.5,9.91
1010.5,9.9
1009.2,9.89
1009.5,9.89
1009.6,9.9
1010.1,9.9
1010.4,9.92
1011.7,9.92
1013.2,9.91
1012.5,9.91
1010.7,9.9
1010.2,9.9
1009.8,9.9
1010,9.9
1010.9,9.9
1011.2,9.91
1011.8,9.92
1012.5,9.93
1011.4,9.93
1011,9.92
1010.2,9.91
1009.6,9.9
1009,9.9
1008.9,9.91
1011.1,9.92
1012.8,9.92
1014,9.93
1014.4,9.93
1014.8,9.93
1013.5,9.93
1013.3,9.92
1012.5,9.91
1011.9,9.9
1011.9,9.9
1012,9.91
1012.3,9.92
1013.3,9.93
1013.4,9.93
1013.2,9.92
1011.3,9.9
1010.2,9.89
1008.8,9.89
1008,9.88
1006.6,9.89
1008.1,9.89
1009.1,9.9
1010,9.91
1011.2,9.91
1012.3,9.91
1012,9.9
1011.9,9.89
1011,9.88
1010.6,9.88
1009.9,9.88
1010.5,9.89
1011.4,9.9
1012.1,9.91
1013.3,9.92
1014.4,9.91
1013.3,9.91
1012.1,9.9
1011.9,9.89
1009.8,9.89
1009.7,9.9
1010.2,9.9
1011.6,9.91
1012.1,9.92
1013.3,9.93
1013.3,9.93
1012.7,9.92
1012.1,9.91
1012,9.91
1010.7,9.9
1011.2,9.91
1011.8,9.92
1012.7,9.93
1012.9,9.94
1014.3,9.94
1013.9,9.93
1013.2,9.93
1012.1,9.92
1011.4,9.91
1010.2,9.91
1010.9,9.91
1011.4,9.92
1011.3,9.93
1012.8,9.94
1013.8,9.95
1012.2,9.94
1011.8,9.93
1011.2,9.92
1010,9.91
1009.5,9.91
1008.9,9.92
1009.3,9.92
1010.1,9.93
1010.8,9.94
1010.6,9.94
1010.2,9.93
1009.1,9.92
1008.2,9.91
1006.6,9.9
1005.7,9.89
1006.9,9.9
1007.6,9.9
1009,9.91
1010.3,9.91
1010.4,9.91
1010.2,9.91
1009.3,9.91
1008.6,9.9
1008.7,9.89
1007.5,9.89
1007.6,9.89
1009,9.9
1009.4,9.91
1010.6,9.91
1011.6,9.91
1011.6,9.91
1011.2,9.91
1009.9,9.9
1009,9.9
1009,9.9
1010,9.9
1011.1,9.91
1011.5,9.91
1011.3,9.92
1013.5,9.93
1013.2,9.93
1012.1,9.93
1012.4,9.92
1011.8,9.92
1011,9.92
1010.6,9.92
1010.4,9.92
1011.7,9.93
1012.8,9.93
1013.5,9.93
1013,9.93
1012.9,9.93
1012.1,9.93
1011.5,9.92
1010.5,9.91
1010.4,9.91
1012,9.92
1012,9.92
1011.9,9.93
1012.5,9.93
1013.6,9.93
1013.4,9.92
1011.5,9.91
1010.7,9.91
1009.8,9.91
1009.2,9.91
1009.3,9.91
1010.2,9.92
1011.4,9.92
1011.3,9.92
1011,9.92
1009.3,9.91
1009.6,9.9
1010,9.9
1008.9,9.9
1008.2,9.91
1008.3,9.91
1008.6,9.92
1009.8,9.93
1010.8,9.94
1011.2,9.93
1010.9,9.93
1010.1,9.92
1009.7,9.92
1009.9,9.92
1011.2,9.92
1011.9,9.93
1011,9.94
1010.2,9.94
1011.7,9.94
1011.5,9.93
1010.8,9.92
1011.3,9.91
1010.3,9.9
1009.2,9.89
1008.4,9.9
1009.4,9.9
1011.4,9.91
1011.8,9.91
1012,9.91
1011.1,9.91
1010.4,9.9
1010.6,9.9
1010.4,9.89
1009.1,9.89
1008.8,9.89
1010,9.9
1011,9.91
1011,9.91
1012.2,9.92
1013.2,9.91
1011.5,9.9
1009.3,9.9
1008.5,9.89
1007.9,9.88
1008.1,9.89
1009.6,9.9
1010.6,9.9
1011.7,9.91
1013.4,9.92
1012.9,9.91
1012.3,9.91
1011.4,9.9
1011.3,9.89
1010.4,9.89
1010.8,9.89
1012.6,9.89
1013,9.9
1014.2,9.9
1015.1,9.9
1014.9,9.9
1013.5,9.89
1012.9,9.88
1011.6,9.87
1010.6,9.87
1011.4,9.87
1012,9.88
1012.5,9.89
1012.7,9.89
1013.4,9.9
1012.7,9.91
1011.2,9.9
1011.4,9.9
1010.1,9.9
1009.2,9.9
1008.5,9.9
1008.6,9.91
1009.9,9.92
1011,9.92
1011.3,9.92
1011.2,9.92
1009.6,9.91
1008.9,9.91
1008.4,9.9
1008,9.9
1008,9.9
1009.3,9.9
1010.4,9.91
1011.2,9.92
1012.5,9.93
1013.5,9.92
1012.8,9.92
1012,9.92
1011.1,9.92
1010.3,9.92
1010.4,9.92
1011.4,9.93
1012.2,9.94
1012.8,9.94
1012.8,9.94
1012.2,9.94
1010.8,9.93
1009.5,9.92
1008.7,9.91
1007.8,9.91
1008.2,9.91
1010.4,9.91
1010,9.92
1010.9,9.92
1011.5,9.92
1010.4,9.92
1010.1,9.92
1009.4,9.91
1008.8,9.91
1009,9.9
1009.5,9.9
1010.9,9.9
1011.8,9.91
1013.2,9.92
1013.3,9.93
1013,9.92
1012.3,9.92
1011.6,9.91
1010.5,9.91
1010.4,9.9
1011.4,9.9
1011.9,9.91
1012.9,9.92
1013.9,9.93
1013.7,9.93
1014.2,9.94
1013.5,9.94
1012.3,9.93
1010.2,9.92
1009,9.91
1008.9,9.92
1009.8,9.92
1011.1,9.92
1011.9,9.93
1012.8,9.93
1012.2,9.92
1011.2,9.91
1010.6,9.9
1009.6,9.89
1009.5,9.89
1009.3,9.89
1010.2,9.89
1011.9,9.9
1013,9.91
1014.2,9.91
1014,9.91
1012,9.9
1011.3,9.89
1011.5,9.89
1010,9.89
1010.4,9.89
1011,9.9
1011.6,9.91
1012,9.92
1012.6,9.92
1011.9,9.92
1011.9,9.92
1010.4,9.91
1009.8,9.91
1009.3,9.91
1009.8,9.91
1011.1,9.92
1013,9.93
1013.4,9.94
1014.5,9.95
1014.5,9.94
1014.5,9.94
1013.7,9.93
1013.2,9.92
1012.1,9.92
1012.1,9.92
1011.5,9.92
1012.7,9.93
1013,9.93
1013.6,9.94
1013.1,9.93
1013.1,9.93
1010.9,9.92
1009.6,9.91
1008.7,9.91
1008.9,9.91
1010,9.92
1010.9,9.92
1011.9,9.93
1013,9.94
1013,9.93
1012.4,9.93
1011.6,9.92
1011.2,9.92
1009.7,9.91
1009.9,9.91
1010,9.92
1011.2,9.92
1011.6,9.93
1012.7,9.93
1012.6,9.93
1010.7,9.92
1009.8,9.92
1008.7,9.91
1007.6,9.9
1008.5,9.91
1009.7,9.91
1011.3,9.92
1013.2,9.92
1014.2,9.93
1014.6,9.93
1013.7,9.92
1013.1,9.91
1012.5,9.91
1011,9.9
1010.8,9.9
1011.1,9.9
1011.6,9.91
1013,9.92
1013.7,9.92
1013,9.91
1011.6,9.9
1008.9,9.89
1007.1,9.88
1006.2,9.88
1005.9,9.88
1006.8,9.88
1007.5,9.89
1008.6,9.9
1009.2,9.91
1009.2,9.9
1009.3,9.9
1008.8,9.89
1007.8,9.88
1006.9,9.88
1007.3,9.89
1008,9.9
1010,9.91
1011.4,9.92
1012,9.92
1011.8,9.92
1011,9.91
1010.5,9.9
1009.3,9.9
1009.1,9.89
1009.7,9.9
1009.9,9.91
1011.1,9.92
1012,9.94
1012.9,9.94
1012.9,9.94
1013.1,9.93
1011.7,9.93
1010.7,9.92
1010.4,9.92
1011.3,9.92
1011,9.93
1012.1,9.94
1012.9,9.95
1013,9.95
1013,9.94
1012.8,9.93
1011,9.92
1009.8,9.91
1008.5,9.9
1008.4,9.9
1008.2,9.91
1010.1,9.92
1010.4,9.92
1011.2,9.92
1010.4,9.92
1011.1,9.92
1009.3,9.91
1009.3,9.9
1008.7,9.9
1007.1,9.9
1007.6,9.9
1009.6,9.91
1010.2,9.92
1011.8,9.93
1011.3,9.92
1010.8,9.91
1009.5,9.9
1008.6,9.9
1007.6,9.89
1008.3,9.89
1008.5,9.9
1009.4,9.91
1010,9.91
1011,9.91
1012.5,9.91
1011.5,9.9
1010.7,9.89
1010.5,9.88
1009.5,9.88
1009.5,9.88
1009.8,9.89
1011.2,9.89
1012.5,9.9
1013.4,9.91
1012.5,9.91
1012.1,9.9
1011.3,9.89
1009.7,9.89
1009.9,9.88
1009,9.89
1010.2,9.9
1010.5,9.91
1012,9.92
1012.1,9.92
1013,9.92
1013.3,9.92
1012,9.91
1011.3,9.91
1011,9.9
1010.5,9.91
1010.6,9.91
1011.8,9.92
1013,9.93
1013.1,9.93
1014.4,9.93
1014.1,9.92
1013.7,9.92
1012.7,9.91
1012.1,9.9
1012.1,9.9
1012.1,9.91
1012.4,9.92
1013.1,9.93
1013.9,9.93
1014.4,9.93
1014.4,9.92
1013.5,9.91
1012.3,9.9
1011.3,9.9
1010.4,9.9
1010.9,9.91
1011.3,9.92
1011,9.93
1012.6,9.93
1012.2,9.93
1011.5,9.92
1010.6,9.91
1010,9.91
1009,9.9
1009.2,9.9
1009.8,9.91
1011.1,9.92
1012.1,9.93
1012.8,9.93
1012.8,9.92
1012.7,9.92
1012.1,9.91
1011,9.9
1009.8,9.9
1010,9.9
1010.8,9.91
1012.5,9.91
1013.4,9.91
1014,9.91
1013.7,9.91
1013.2,9.9
1011.9,9.89
1011.7,9.89
1011.6,9.89
1011.5,9.9
1012,9.9
1012.8,9.91
1013.9,9.92
1014.4,9.93
1014.8,9.92
1014.2,9.91
1013.2,9.91
1012,9.91
1010.8,9.9
1011.4,9.91
1011.6,9.91
1012,9.92
1011.7,9.92
1012.5,9.91
1013.2,9.91
1012,9.9
1010.5,9.89
1010.2,9.88
1009.3,9.88
1008.6,9.89
1008.8,9.9
1009.7,9.91
1011.2,9.92
1012.7,9.93
1012.4,9.93
1012.4,9.92
1012.2,9.91
1011.4,9.91
1010.2,9.9
1010.1,9.91
1010.6,9.92
1012,9.93
1013.4,9.93
1014.1,9.93
1014.7,9.92
1015.1,9.92
1013.9,9.9
1012.5,9.89
1011.6,9.89
1010.8,9.89
1011.6,9.9
1012.5,9.91
1014,9.92
1014.9,9.92
1015.4,9.92
1015,9.91
1013.9,9.9
1012.1,9.9
1011.6,9.89
1010.3,9.9
1010.7,9.91
1011.6,9.92
1012.6,9.93
1012.2,9.93
1012.3,9.93
1010.8,9.92
1010.7,9.9
1010.3,9.89
1009.4,9.89
1008.6,9.9
1010.2,9.91
1011.5,9.92
1012.6,9.93
1013.1,9.93
1013.7,9.93
1012.2,9.93
1010.8,9.92
1010.3,9.91
1010.7,9.91
1011.3,9.91
1012.3,9.92
1012.9,9.93
1013.4,9.93
1013.6,9.93
1013.8,9.93
1012.6,9.92
1011,9.91
1009.8,9.91
1009.7,9.9
1009.9,9.9
1012.2,9.9
1014.5,9.92
1015,9.93
1014.9,9.93
1015.4,9.93
1015.1,9.92
1013.3,9.92
1011.9,9.91
1011.4,9.91
1011,9.92
1010.5,9.92
1012,9.93
1013.4,9.93
1013.6,9.93
1013.2,9.92
1011.5,9.92
1010.1,9.9
1008.8,9.89
1008,9.89
1007.6,9.89
1008.3,9.9
1009.8,9.9
1011.3,9.91
1012.2,9.92
1012.4,9.92
1011.8,9.9
1010.9,9.9
1010,9.89
1009,9.89
1009.6,9.9
1010.6,9.9
1011.5,9.92
1012.9,9.93
1013.7,9.93
1013.5,9.92
1011.8,9.91
1010.8,9.91
1009.4,9.9
1009.2,9.89
1009.6,9.9
1010.9,9.9
1011.4,9.91
1012,9.92
1013.8,9.93
1013.7,9.93
1013,9.92
1011.8,9.91
1010.7,9.9
1010.4,9.9
1010.6,9.9
1011.5,9.91
1011.9,9.92
1013,9.92
1013.1,9.93
1012.5,9.92
1011.9,9.92
1011.7,9.92
1011.2,9.91
1010.2,9.9
1010.4,9.9
1011.4,9.91
1012,9.91
1012.3,9.92
1012.1,9.93
1011.8,9.92
1010.7,9.92
1010,9.91
1009.1,9.9
1007.6,9.9
1007.4,9.9
1008.6,9.9
1010.2,9.9
1010.9,9.91
1010.8,9.92
1010.2,9.92
1008.1,9.91
1007.5,9.9
1007,9.89
1007,9.89
1007.8,9.9
1008.8,9.9
1009.8,9.91
1010.3,9.92
1012.1,9.92
1013.2,9.93
1012.6,9.93
1010.4,9.92
1008.5,9.91
1008.2,9.9
1008.3,9.9
1009.4,9.91
1010.1,9.91
1011.2,9.92
1012.5,9.92
1011.6,9.92
1011.6,9.92
1010.8,9.91
1010.4,9.9
1010,9.89
1009.4,9.89
1010.2,9.89
1011.3,9.9
1013.3,9.9
1013.7,9.91
1014.2,9.91
1013.7,9.91
1013,9.9
1011.6,9.89
1009.9,9.89
1010.1,9.89
1011.7,9.9
1012.5,9.9
1013.1,9.91
1012.8,9.91
1011.9,9.91
1010.2,9.91
1009.6,9.9
1008.6,9.89
1007.7,9.89
1007.6,9.89
1008.9,9.9
1009.7,9.9
1011.2,9.91
1012.4,9.92
1013,9.91
1010.9,9.9
1010.5,9.9
1010.5,9.89
1010.5,9.88
1011.4,9.88
1011.8,9.88
1012.2,9.89
1012.7,9.89
1012.9,9.9
1012.4,9.9
1011.2,9.9
1010.4,9.89
1009.1,9.89
1009.3,9.88
1008.8,9.89
1010,9.89
1010.7,9.9
1011.2,9.91
1011.5,9.92
1011.4,9.92
1011.4,9.92
1010.3,9.92
1009.4,9.91
1009.3,9.9
1009.8,9.9
1010.1,9.9
1011.6,9.91
1011.6,9.91
1011,9.92
1010.7,9.91
1009.4,9.91
1008.2,9.91
1006.4,9.9
1006,9.89
1006.1,9.9
1006.9,9.91
1008.8,9.91
1009.5,9.92
1010.3,9.93
1010.5,9.93
1010,9.93
1008.9,9.93
1008.7,9.92
1007.8,9.92
1008.2,9.91
1009.4,9.92
1010,9.92
1011.7,9.93
1012.7,9.93
1012.5,9.93
1011.1,9.92
1009.4,9.91
1008.1,9.9
1007.7,9.89
1007.7,9.89
1008.8,9.9
1009.3,9.91
1010,9.92
1011.1,9.92
1010.9,9.93
1010.2,9.92
1009.8,9.92
1008.4,9.91
1007.7,9.91
1008.2,9.9
1009.1,9.91
1010.4,9.92
1012.4,9.93
1012.9,9.94
1012.7,9.94
1012.3,9.92
1011.5,9.91
1011,9.9
1010.7,9.89
1011.5,9.89
1012.2,9.9
1013,9.9
1014,9.91
1014.8,9.92
1014.8,9.92
1014.4,9.92
1012.7,9.91
1011.3,9.9
1011.1,9.9
1010.5,9.91
1010.9,9.92
1011.8,9.93
1012.6,9.94
1013.4,9.95
1013.2,9.95
1012.3,9.95
1011.6,9.94
1010.7,9.93
1009.9,9.92
1009.5,9.93
1010.2,9.93
1011.1,9.94
1011.9,9.95
1011.6,9.94
1011.9,9.94
1011.5,9.93
1010.6,9.92
1009.1,9.91
1007.9,9.9
1008.1,9.9
1008.6,9.9
1009.7,9.91
1010.7,9.92
1010.9,9.92
1010.5,9.91
1009.8,9.9
1009.8,9.89
1008.6,9.89
1008,9.88
1008.7,9.89
1008.8,9.9
1010,9.91
1012.2,9.92
1013.4,9.93
1013.4,9.94
1012.5,9.93
1011.5,9.93
1010.1,9.92
1009.5,9.92
1009.5,9.93
1010.9,9.94
1012.2,9.95
1012.8,9.96
1013.7,9.96
1013.6,9.96
1012.9,9.95
1011.5,9.93
1010.4,9.92
1009.3,9.91
1008.8,9.91
1010.7,9.91
1011.1,9.92
1012.5,9.93
1013.5,9.93
1014.4,9.93
1013.5,9.92
1012.1,9.91
1011.9,9.9
1011.3,9.89
1011.2,9.9
1012,9.9
1013.4,9.91
1013.8,9.92
1014.1,9.93
1014.5,9.93
1013.7,9.92
1013.5,9.91
1011.6,9.9
1010.6,9.9
1010.3,9.9
1010.7,9.91
1010.9,9.92
1012.6,9.93
1013.1,9.93
1012.9,9.93
1012.5,9.93
1012,9.92
1010.5,9.91
1010.5,9.91
1010,9.91
1010,9.91
1010.1,9.92
1011.9,9.93
1012.8,9.93
1013.1,9.92
1011.5,9.92
1010.8,9.91
1009.4,9.9
1009.3,9.89
1008.9,9.89
1009.3,9.9
1009.6,9.91
1011,9.91
1011.3,9.91
1011.3,9.91
1010.7,9.9
1010.4,9.89
1009.1,9.89
1008.2,9.89
1007.6,9.89
1009,9.9
1010.6,9.9
1011.3,9.91
1011.3,9.92
1011.6,9.92
1011,9.91
1010.1,9.91
1009.2,9.9
1009,9.9
1008.7,9.9
1010.2,9.91
1010.5,9.91
1012,9.92
1012.3,9.92
1012.4,9.92
1011,9.92
1009.8,9.91
1008.6,9.9
1007.9,9.9
1007.6,9.9
1008.2,9.9
1009.7,9.9
1010.8,9.91
1011,9.91
1011,9.91
1009.8,9.9
1009,9.9
1006.9,9.9
1006.7,9.89
1006.9,9.9
1008.2,9.9
1009.2,9.92
1010.6,9.93
1010.8,9.93
1012,9.94
1011.6,9.94
1010.6,9.93
1009.1,9.92
1007.9,9.92
1009,9.91
1010.3,9.92
1011.4,9.93
1013.1,9.93
1013.7,9.93
1013.5,9.93
1013.5,9.92
1012.5,9.91
